1	2861	239	4	[0.00 - 0.02 - 0.08 - 0.90]
2	3228	5546	3	[0.00 - 0.15 - 0.78 - 0.06]
3	3220	5548	3	[0.02 - 0.20 - 0.47 - 0.31]
4	3507	5496	1	[0.64 - 0.35 - 0.01 - 0.00]
5	2528	4842	4	[0.13 - 0.17 - 0.06 - 0.64]
6	3663	4558	4	[0.01 - 0.03 - 0.04 - 0.93]
7	3661	4556	4	[0.00 - 0.03 - 0.08 - 0.89]
8	1654	4561	4	[0.00 - 0.03 - 0.11 - 0.86]
9	2422	4546	4	[0.30 - 0.04 - 0.01 - 0.65]
10	3374	4295	2	[0.20 - 0.74 - 0.03 - 0.02]
11	4017	4255	1	[0.77 - 0.13 - 0.01 - 0.09]
12	1256	4235	4	[0.00 - 0.01 - 0.03 - 0.96]
13	4150	3974	4	[0.09 - 0.23 - 0.32 - 0.37]
14	3992	3898	2	[0.33 - 0.46 - 0.03 - 0.18]
15	4018	3832	4	[0.07 - 0.06 - 0.05 - 0.81]
16	3703	3817	4	[0.17 - 0.26 - 0.08 - 0.50]
17	3969	3773	4	[0.01 - 0.06 - 0.33 - 0.60]
18	3979	3765	4	[0.00 - 0.00 - 0.11 - 0.88]
19	3977	3759	3	[0.00 - 0.05 - 0.66 - 0.29]
20	3774	3727	4	[0.02 - 0.06 - 0.20 - 0.72]
21	4533	3721	4	[0.00 - 0.03 - 0.40 - 0.57]
22	4534	3718	4	[0.00 - 0.03 - 0.32 - 0.65]
23	3820	3713	4	[0.01 - 0.04 - 0.16 - 0.79]
24	4394	3712	4	[0.01 - 0.02 - 0.36 - 0.61]
25	3794	3708	4	[0.00 - 0.01 - 0.06 - 0.92]
26	3836	3697	4	[0.01 - 0.04 - 0.07 - 0.88]
27	4298	3694	1	[0.49 - 0.09 - 0.01 - 0.41]
28	3750	3687	4	[0.00 - 0.02 - 0.14 - 0.84]
29	3728	3683	4	[0.00 - 0.02 - 0.23 - 0.74]
30	3267	3681	1	[0.80 - 0.18 - 0.00 - 0.02]
31	3719	3680	4	[0.00 - 0.01 - 0.16 - 0.83]
32	3079	3672	3	[0.00 - 0.05 - 0.58 - 0.37]
33	3737	3667	4	[0.00 - 0.03 - 0.28 - 0.70]
34	3035	3667	4	[0.08 - 0.15 - 0.19 - 0.58]
35	3072	3657	4	[0.00 - 0.01 - 0.16 - 0.83]
36	3070	3648	4	[0.11 - 0.25 - 0.18 - 0.46]
37	3017	3656	1	[0.73 - 0.25 - 0.00 - 0.02]
38	3912	3625	4	[0.00 - 0.01 - 0.19 - 0.79]
39	3844	3626	4	[0.00 - 0.02 - 0.05 - 0.92]
40	3718	3624	4	[0.00 - 0.01 - 0.08 - 0.91]
41	4530	3614	4	[0.07 - 0.02 - 0.01 - 0.90]
42	3661	3615	4	[0.00 - 0.02 - 0.47 - 0.51]
43	3658	3613	4	[0.00 - 0.01 - 0.24 - 0.75]
44	3975	3619	4	[0.04 - 0.07 - 0.13 - 0.75]
45	3599	3617	4	[0.08 - 0.30 - 0.24 - 0.37]
46	3207	3614	3	[0.00 - 0.02 - 0.55 - 0.43]
47	3201	3605	4	[0.00 - 0.00 - 0.12 - 0.88]
48	3199	3612	3	[0.01 - 0.14 - 0.62 - 0.23]
49	3198	3607	3	[0.00 - 0.03 - 0.52 - 0.45]
50	4249	3612	4	[0.12 - 0.21 - 0.18 - 0.49]
51	3687	3609	4	[0.00 - 0.00 - 0.03 - 0.97]
52	3243	3610	1	[0.59 - 0.34 - 0.01 - 0.06]
53	4315	3602	3	[0.00 - 0.03 - 0.57 - 0.40]
54	3989	3605	4	[0.00 - 0.02 - 0.42 - 0.56]
55	4154	3605	4	[0.02 - 0.05 - 0.27 - 0.66]
56	4331	3602	4	[0.11 - 0.23 - 0.08 - 0.59]
57	3779	3600	4	[0.00 - 0.02 - 0.06 - 0.92]
58	3690	3598	4	[0.00 - 0.01 - 0.08 - 0.91]
59	3696	3586	2	[0.10 - 0.58 - 0.16 - 0.16]
60	3338	3580	1	[0.65 - 0.32 - 0.01 - 0.02]
61	3788	3578	4	[0.01 - 0.05 - 0.12 - 0.82]
62	3357	3570	1	[0.71 - 0.21 - 0.01 - 0.07]
63	3618	3561	4	[0.01 - 0.04 - 0.27 - 0.68]
64	3705	3546	4	[0.00 - 0.05 - 0.40 - 0.54]
65	3811	3536	4	[0.03 - 0.07 - 0.18 - 0.71]
66	3537	3498	4	[0.01 - 0.04 - 0.45 - 0.50]
67	3533	3499	3	[0.02 - 0.15 - 0.46 - 0.36]
68	3729	3491	4	[0.03 - 0.09 - 0.14 - 0.74]
69	3912	3489	1	[0.83 - 0.17 - 0.00 - 0.00]
70	3759	3483	2	[0.43 - 0.44 - 0.04 - 0.09]
71	3451	3483	2	[0.15 - 0.39 - 0.24 - 0.22]
72	3562	3479	2	[0.17 - 0.54 - 0.10 - 0.19]
73	3572	3468	4	[0.11 - 0.07 - 0.04 - 0.78]
74	3495	3463	1	[0.69 - 0.16 - 0.02 - 0.14]
75	3345	3401	4	[0.00 - 0.03 - 0.28 - 0.69]
76	3566	3403	4	[0.00 - 0.01 - 0.16 - 0.82]
77	3567	3393	4	[0.00 - 0.01 - 0.21 - 0.78]
78	3573	3397	4	[0.00 - 0.01 - 0.40 - 0.59]
79	3576	3395	4	[0.00 - 0.01 - 0.41 - 0.58]
80	3564	3397	4	[0.00 - 0.01 - 0.35 - 0.64]
81	3563	3394	4	[0.00 - 0.02 - 0.44 - 0.54]
82	3490	3391	4	[0.04 - 0.09 - 0.15 - 0.72]
83	3572	3384	4	[0.05 - 0.06 - 0.13 - 0.75]
84	2997	3131	4	[0.01 - 0.02 - 0.02 - 0.95]
85	1601	2521	1	[0.90 - 0.09 - 0.00 - 0.01]
86	5506	2363	4	[0.01 - 0.05 - 0.07 - 0.88]
87	3615	2372	1	[0.89 - 0.03 - 0.00 - 0.08]
88	1388	2357	1	[0.92 - 0.05 - 0.00 - 0.03]
89	2911	2112	1	[0.81 - 0.11 - 0.01 - 0.08]
90	2442	1988	1	[0.86 - 0.04 - 0.00 - 0.10]
91	1239	1936	4	[0.09 - 0.13 - 0.30 - 0.48]
92	2549	1871	2	[0.11 - 0.80 - 0.06 - 0.03]
93	2552	1893	1	[0.39 - 0.33 - 0.07 - 0.22]
94	2551	1888	4	[0.02 - 0.08 - 0.27 - 0.63]
95	1730	1742	4	[0.01 - 0.07 - 0.06 - 0.87]
96	1492	1772	1	[0.51 - 0.42 - 0.02 - 0.05]
97	1723	1736	4	[0.00 - 0.01 - 0.04 - 0.96]
98	3560	1674	4	[0.00 - 0.03 - 0.06 - 0.91]
99	2754	1715	1	[0.87 - 0.05 - 0.00 - 0.08]
100	1463	1671	4	[0.00 - 0.01 - 0.04 - 0.95]
101	3287	1669	1	[0.70 - 0.21 - 0.01 - 0.08]
102	2694	1653	1	[0.83 - 0.10 - 0.00 - 0.07]
103	2813	1596	1	[0.72 - 0.04 - 0.00 - 0.23]
104	3291	1453	1	[0.75 - 0.11 - 0.01 - 0.13]
105	2272	1326	1	[0.84 - 0.11 - 0.00 - 0.04]
106	3648	1135	2	[0.26 - 0.66 - 0.04 - 0.03]
107	2007	1078	4	[0.00 - 0.01 - 0.08 - 0.91]
108	2712	313	4	[0.00 - 0.01 - 0.02 - 0.97]
109	3843	3966	1	[0.53 - 0.45 - 0.01 - 0.01]
110	4201	3819	4	[0.01 - 0.11 - 0.26 - 0.62]
