1	2422	921	4	[0.00 - 0.00 - 0.02 - 0.98]
2	4736	6402	4	[0.01 - 0.02 - 0.05 - 0.91]
3	4342	6077	1	[0.91 - 0.08 - 0.00 - 0.01]
4	4617	6050	4	[0.01 - 0.01 - 0.03 - 0.95]
5	3894	6040	4	[0.00 - 0.00 - 0.03 - 0.97]
6	3798	6007	4	[0.00 - 0.00 - 0.01 - 0.99]
7	3805	5972	4	[0.02 - 0.06 - 0.10 - 0.83]
8	3888	5941	4	[0.02 - 0.12 - 0.15 - 0.70]
9	3679	5937	1	[0.84 - 0.12 - 0.00 - 0.04]
10	4575	5916	2	[0.32 - 0.40 - 0.09 - 0.20]
11	3738	5916	4	[0.01 - 0.06 - 0.27 - 0.66]
12	3549	5915	4	[0.00 - 0.02 - 0.11 - 0.87]
13	4540	5897	1	[0.95 - 0.03 - 0.00 - 0.02]
14	3861	5894	3	[0.05 - 0.19 - 0.40 - 0.36]
15	4178	5894	4	[0.01 - 0.02 - 0.08 - 0.89]
16	3612	5892	4	[0.09 - 0.33 - 0.10 - 0.48]
17	3540	5881	4	[0.03 - 0.17 - 0.13 - 0.67]
18	3740	5879	4	[0.03 - 0.11 - 0.09 - 0.76]
19	3472	5870	4	[0.00 - 0.00 - 0.03 - 0.97]
20	3691	5871	1	[0.51 - 0.32 - 0.02 - 0.15]
21	3797	5870	4	[0.01 - 0.04 - 0.23 - 0.72]
22	3804	5855	4	[0.00 - 0.01 - 0.13 - 0.86]
23	3798	5862	4	[0.00 - 0.02 - 0.40 - 0.58]
24	3579	5856	4	[0.01 - 0.02 - 0.04 - 0.93]
25	3901	5853	4	[0.00 - 0.01 - 0.13 - 0.86]
26	3759	5832	3	[0.00 - 0.07 - 0.76 - 0.17]
27	3755	5832	3	[0.00 - 0.02 - 0.55 - 0.43]
28	3743	5829	4	[0.00 - 0.00 - 0.03 - 0.97]
29	4190	5834	4	[0.01 - 0.06 - 0.41 - 0.52]
30	3282	5802	4	[0.03 - 0.04 - 0.34 - 0.59]
31	3519	5796	1	[0.71 - 0.26 - 0.00 - 0.03]
32	3741	5789	1	[0.54 - 0.39 - 0.02 - 0.06]
33	4830	5789	1	[0.89 - 0.09 - 0.00 - 0.01]
34	3543	5789	4	[0.08 - 0.10 - 0.12 - 0.70]
35	3589	5777	1	[0.94 - 0.05 - 0.00 - 0.01]
36	3481	5775	4	[0.20 - 0.17 - 0.06 - 0.58]
37	4332	5760	4	[0.01 - 0.06 - 0.28 - 0.65]
38	3630	5746	1	[0.95 - 0.05 - 0.00 - 0.01]
39	3554	5737	3	[0.00 - 0.04 - 0.73 - 0.23]
40	3901	5736	1	[0.82 - 0.17 - 0.00 - 0.01]
41	3887	5721	2	[0.02 - 0.52 - 0.40 - 0.06]
42	3578	5713	4	[0.11 - 0.11 - 0.06 - 0.72]
43	4399	5697	1	[0.59 - 0.39 - 0.01 - 0.01]
44	3473	5692	1	[0.75 - 0.11 - 0.01 - 0.14]
45	3298	5684	4	[0.00 - 0.00 - 0.02 - 0.97]
46	3983	5680	1	[0.54 - 0.34 - 0.01 - 0.10]
47	3647	5680	4	[0.20 - 0.11 - 0.03 - 0.66]
48	3340	5673	4	[0.16 - 0.35 - 0.10 - 0.40]
49	4107	5649	4	[0.00 - 0.03 - 0.28 - 0.69]
50	4118	5642	4	[0.00 - 0.03 - 0.23 - 0.73]
51	4639	5639	1	[0.80 - 0.19 - 0.00 - 0.01]
52	4112	5632	4	[0.00 - 0.00 - 0.07 - 0.92]
53	4019	5620	4	[0.08 - 0.11 - 0.13 - 0.68]
54	4112	5619	4	[0.00 - 0.01 - 0.41 - 0.58]
55	3980	5608	1	[0.56 - 0.17 - 0.02 - 0.25]
56	3670	5604	1	[0.74 - 0.24 - 0.00 - 0.02]
57	3656	5601	4	[0.07 - 0.06 - 0.04 - 0.83]
58	5144	5589	4	[0.00 - 0.00 - 0.01 - 0.99]
59	4393	5587	1	[0.91 - 0.08 - 0.00 - 0.01]
60	3524	5578	1	[0.73 - 0.24 - 0.00 - 0.02]
61	2949	5564	4	[0.27 - 0.10 - 0.04 - 0.59]
62	5182	5549	1	[0.51 - 0.28 - 0.01 - 0.19]
63	4440	5537	1	[0.87 - 0.12 - 0.00 - 0.00]
64	3105	5533	1	[0.88 - 0.12 - 0.00 - 0.00]
65	4839	5527	4	[0.03 - 0.03 - 0.06 - 0.89]
66	4917	5518	1	[0.58 - 0.29 - 0.03 - 0.10]
67	3239	5504	3	[0.02 - 0.22 - 0.60 - 0.17]
68	5177	5498	4	[0.01 - 0.01 - 0.02 - 0.96]
69	2687	5500	2	[0.13 - 0.42 - 0.08 - 0.37]
70	3147	5497	1	[0.42 - 0.37 - 0.06 - 0.15]
71	5201	5474	4	[0.00 - 0.01 - 0.14 - 0.85]
72	4937	5466	1	[0.70 - 0.26 - 0.01 - 0.03]
73	5005	5461	1	[0.94 - 0.06 - 0.00 - 0.00]
74	3485	5457	1	[0.56 - 0.42 - 0.01 - 0.02]
75	4464	5441	2	[0.31 - 0.64 - 0.02 - 0.02]
76	3699	5436	1	[0.90 - 0.09 - 0.00 - 0.01]
77	2487	5435	4	[0.01 - 0.04 - 0.04 - 0.90]
78	5207	5417	4	[0.00 - 0.00 - 0.06 - 0.93]
79	2374	5415	4	[0.02 - 0.05 - 0.08 - 0.85]
80	2419	5412	4	[0.00 - 0.00 - 0.04 - 0.95]
81	4970	5411	1	[0.89 - 0.10 - 0.00 - 0.02]
82	4511	5409	1	[0.92 - 0.07 - 0.00 - 0.00]
83	2309	5386	3	[0.01 - 0.14 - 0.46 - 0.39]
84	2306	5385	4	[0.00 - 0.03 - 0.27 - 0.70]
85	4854	5387	4	[0.35 - 0.23 - 0.03 - 0.39]
86	3087	5382	1	[0.79 - 0.19 - 0.00 - 0.01]
87	2360	5382	4	[0.00 - 0.01 - 0.07 - 0.92]
88	4824	5382	1	[0.77 - 0.20 - 0.00 - 0.03]
89	2314	5377	4	[0.00 - 0.00 - 0.05 - 0.95]
90	2267	5373	4	[0.00 - 0.02 - 0.17 - 0.81]
91	3717	5368	1	[0.54 - 0.34 - 0.02 - 0.10]
92	2265	5360	4	[0.00 - 0.01 - 0.09 - 0.90]
93	4873	5362	2	[0.16 - 0.41 - 0.20 - 0.23]
94	3375	5358	1	[0.88 - 0.10 - 0.00 - 0.02]
95	2347	5354	4	[0.01 - 0.02 - 0.15 - 0.81]
96	2352	5352	4	[0.01 - 0.05 - 0.43 - 0.51]
97	3545	5347	1	[0.91 - 0.05 - 0.00 - 0.03]
98	4949	5346	2	[0.17 - 0.45 - 0.08 - 0.29]
99	5239	5343	4	[0.00 - 0.01 - 0.15 - 0.84]
100	2258	5345	4	[0.01 - 0.03 - 0.35 - 0.61]
101	2267	5344	4	[0.00 - 0.01 - 0.15 - 0.84]
102	3610	5341	1	[0.53 - 0.44 - 0.02 - 0.02]
103	2194	5337	4	[0.00 - 0.00 - 0.09 - 0.91]
104	3456	5331	1	[0.89 - 0.07 - 0.00 - 0.03]
105	2229	5329	4	[0.00 - 0.01 - 0.31 - 0.68]
106	2858	5323	4	[0.21 - 0.32 - 0.06 - 0.41]
107	2224	5317	1	[0.78 - 0.14 - 0.01 - 0.07]
108	3369	5313	2	[0.16 - 0.42 - 0.09 - 0.32]
109	3787	5310	2	[0.24 - 0.54 - 0.07 - 0.15]
110	2281	5309	4	[0.06 - 0.14 - 0.14 - 0.66]
111	4307	5309	1	[0.68 - 0.29 - 0.01 - 0.02]
112	2115	5307	4	[0.04 - 0.04 - 0.06 - 0.86]
113	3715	5307	1	[0.71 - 0.27 - 0.00 - 0.02]
114	3618	5299	2	[0.42 - 0.46 - 0.08 - 0.04]
115	5257	5285	1	[0.53 - 0.35 - 0.02 - 0.10]
116	3575	5279	1	[0.85 - 0.13 - 0.00 - 0.01]
117	3216	5278	4	[0.06 - 0.26 - 0.11 - 0.58]
118	2421	5268	4	[0.01 - 0.04 - 0.17 - 0.78]
119	4681	5254	1	[0.97 - 0.02 - 0.00 - 0.01]
120	4371	5256	1	[0.76 - 0.22 - 0.00 - 0.02]
121	4933	5248	4	[0.06 - 0.13 - 0.19 - 0.62]
122	2925	5232	2	[0.35 - 0.40 - 0.12 - 0.13]
123	3962	5229	1	[0.80 - 0.17 - 0.00 - 0.03]
124	5125	5226	4	[0.00 - 0.00 - 0.04 - 0.95]
125	1996	5229	4	[0.04 - 0.09 - 0.05 - 0.82]
126	3891	5221	4	[0.02 - 0.01 - 0.02 - 0.94]
127	1916	5214	4	[0.00 - 0.01 - 0.04 - 0.95]
128	5245	5208	1	[0.72 - 0.25 - 0.00 - 0.03]
129	3848	5206	1	[0.76 - 0.22 - 0.00 - 0.01]
130	4130	5206	1	[0.77 - 0.21 - 0.00 - 0.02]
131	5123	5203	1	[0.54 - 0.15 - 0.04 - 0.28]
132	2541	5196	1	[0.92 - 0.08 - 0.00 - 0.00]
133	1864	5194	4	[0.00 - 0.01 - 0.06 - 0.93]
134	4654	5183	1	[0.94 - 0.05 - 0.00 - 0.02]
135	4923	5180	1	[0.63 - 0.21 - 0.01 - 0.14]
136	4629	5176	1	[0.58 - 0.38 - 0.01 - 0.03]
137	2082	5157	2	[0.03 - 0.44 - 0.35 - 0.18]
138	2069	5154	2	[0.05 - 0.50 - 0.31 - 0.13]
139	2065	5155	3	[0.00 - 0.02 - 0.70 - 0.28]
140	5016	5143	4	[0.00 - 0.02 - 0.30 - 0.68]
141	4696	5139	1	[0.81 - 0.16 - 0.00 - 0.03]
142	5043	5125	4	[0.01 - 0.06 - 0.43 - 0.51]
143	5039	5133	4	[0.03 - 0.04 - 0.24 - 0.69]
144	5036	5129	3	[0.00 - 0.07 - 0.77 - 0.16]
145	3090	5133	4	[0.03 - 0.10 - 0.22 - 0.65]
146	5017	5132	4	[0.01 - 0.01 - 0.14 - 0.84]
147	4947	5129	4	[0.04 - 0.15 - 0.20 - 0.62]
148	4973	5118	1	[0.83 - 0.13 - 0.00 - 0.04]
149	4970	5114	4	[0.01 - 0.02 - 0.07 - 0.91]
150	3571	5105	4	[0.00 - 0.01 - 0.22 - 0.77]
151	3567	5112	3	[0.03 - 0.28 - 0.52 - 0.17]
152	3571	5114	3	[0.01 - 0.09 - 0.75 - 0.15]
153	3571	5110	3	[0.00 - 0.07 - 0.78 - 0.14]
154	5101	5110	4	[0.33 - 0.08 - 0.02 - 0.57]
155	3486	5102	4	[0.03 - 0.13 - 0.32 - 0.53]
156	4376	5100	1	[0.38 - 0.35 - 0.05 - 0.22]
157	5040	5097	4	[0.34 - 0.14 - 0.03 - 0.49]
158	4218	5098	1	[0.62 - 0.36 - 0.01 - 0.01]
159	2215	5096	1	[0.51 - 0.47 - 0.01 - 0.01]
160	2210	5095	4	[0.24 - 0.20 - 0.05 - 0.51]
161	3478	5094	4	[0.06 - 0.10 - 0.21 - 0.63]
162	1976	5089	2	[0.36 - 0.51 - 0.03 - 0.09]
163	4724	5088	4	[0.00 - 0.01 - 0.05 - 0.94]
164	5136	5085	4	[0.39 - 0.15 - 0.03 - 0.44]
165	4432	5083	4	[0.02 - 0.01 - 0.03 - 0.94]
166	4990	5076	4	[0.00 - 0.02 - 0.46 - 0.52]
167	4450	5081	4	[0.07 - 0.27 - 0.33 - 0.34]
168	4970	5077	4	[0.00 - 0.00 - 0.03 - 0.97]
169	5271	5072	1	[0.96 - 0.04 - 0.00 - 0.00]
170	4997	5066	3	[0.00 - 0.07 - 0.53 - 0.39]
171	4586	5063	2	[0.07 - 0.38 - 0.33 - 0.21]
172	2878	5068	1	[0.90 - 0.08 - 0.00 - 0.02]
173	4986	5067	4	[0.00 - 0.01 - 0.15 - 0.85]
174	4508	5053	1	[0.54 - 0.34 - 0.03 - 0.09]
175	4992	5053	4	[0.00 - 0.00 - 0.04 - 0.95]
176	5344	5052	4	[0.00 - 0.00 - 0.02 - 0.98]
177	3504	5026	1	[0.97 - 0.02 - 0.00 - 0.00]
178	4978	5026	4	[0.03 - 0.04 - 0.05 - 0.88]
179	4418	5027	4	[0.13 - 0.28 - 0.08 - 0.51]
180	4116	5025	3	[0.01 - 0.04 - 0.60 - 0.35]
181	4127	5008	3	[0.01 - 0.06 - 0.68 - 0.25]
182	4013	5011	1	[0.76 - 0.21 - 0.00 - 0.03]
183	1925	5010	4	[0.01 - 0.01 - 0.02 - 0.97]
184	2569	5008	2	[0.27 - 0.39 - 0.07 - 0.27]
185	1911	5004	1	[0.52 - 0.45 - 0.01 - 0.02]
186	1758	5005	1	[0.80 - 0.16 - 0.00 - 0.04]
187	1382	4990	4	[0.00 - 0.00 - 0.03 - 0.97]
188	2803	4995	1	[0.97 - 0.03 - 0.00 - 0.00]
189	4648	4997	4	[0.24 - 0.19 - 0.04 - 0.53]
190	4691	4992	1	[0.63 - 0.26 - 0.02 - 0.09]
191	2326	4991	1	[0.61 - 0.36 - 0.01 - 0.02]
192	4142	4983	4	[0.02 - 0.08 - 0.28 - 0.62]
193	4137	4984	3	[0.13 - 0.23 - 0.40 - 0.24]
194	4978	4976	1	[0.50 - 0.32 - 0.02 - 0.17]
195	4364	4959	4	[0.01 - 0.01 - 0.07 - 0.90]
196	1278	4951	4	[0.00 - 0.02 - 0.03 - 0.95]
197	5369	4953	4	[0.00 - 0.00 - 0.04 - 0.96]
198	4516	4954	4	[0.21 - 0.31 - 0.09 - 0.39]
199	3313	4952	1	[0.80 - 0.18 - 0.00 - 0.02]
200	2387	4951	1	[0.85 - 0.14 - 0.00 - 0.01]
201	1750	4929	1	[0.41 - 0.16 - 0.02 - 0.40]
202	1788	4925	3	[0.00 - 0.05 - 0.74 - 0.20]
203	1791	4925	3	[0.00 - 0.06 - 0.82 - 0.11]
204	4443	4922	4	[0.19 - 0.23 - 0.08 - 0.50]
205	2875	4920	1	[0.67 - 0.19 - 0.01 - 0.12]
206	4880	4915	4	[0.40 - 0.14 - 0.04 - 0.42]
207	4562	4908	4	[0.28 - 0.26 - 0.08 - 0.39]
208	4482	4906	4	[0.17 - 0.31 - 0.08 - 0.43]
209	2785	4904	2	[0.37 - 0.41 - 0.03 - 0.18]
210	2431	4903	1	[0.88 - 0.11 - 0.00 - 0.01]
211	4149	4901	4	[0.34 - 0.26 - 0.05 - 0.36]
212	3054	4902	4	[0.01 - 0.02 - 0.21 - 0.76]
213	2214	4897	4	[0.24 - 0.30 - 0.05 - 0.42]
214	3841	4890	1	[0.79 - 0.20 - 0.00 - 0.01]
215	2866	4885	3	[0.00 - 0.03 - 0.72 - 0.24]
216	2813	4885	3	[0.01 - 0.13 - 0.67 - 0.19]
217	3016	4886	1	[0.97 - 0.03 - 0.00 - 0.01]
218	2986	4891	4	[0.28 - 0.27 - 0.06 - 0.38]
219	2857	4882	4	[0.01 - 0.01 - 0.18 - 0.81]
220	4966	4880	1	[0.93 - 0.05 - 0.00 - 0.02]
221	3941	4875	3	[0.02 - 0.16 - 0.45 - 0.37]
222	1835	4869	4	[0.00 - 0.00 - 0.16 - 0.83]
223	1829	4855	3	[0.00 - 0.06 - 0.70 - 0.23]
224	4957	4867	4	[0.01 - 0.05 - 0.38 - 0.56]
225	4584	4862	4	[0.23 - 0.33 - 0.09 - 0.35]
226	3607	4852	2	[0.18 - 0.46 - 0.20 - 0.16]
227	2813	4888	3	[0.01 - 0.08 - 0.73 - 0.18]
228	4934	4855	4	[0.01 - 0.01 - 0.04 - 0.94]
229	3960	4853	4	[0.13 - 0.26 - 0.09 - 0.52]
230	3407	4850	1	[0.73 - 0.09 - 0.01 - 0.18]
231	2820	4849	2	[0.25 - 0.34 - 0.07 - 0.34]
232	2804	4861	2	[0.45 - 0.48 - 0.03 - 0.04]
233	3462	4841	1	[0.84 - 0.10 - 0.00 - 0.06]
234	2793	4835	4	[0.10 - 0.15 - 0.13 - 0.61]
235	3127	4826	1	[0.74 - 0.20 - 0.01 - 0.05]
236	2477	4806	4	[0.00 - 0.01 - 0.17 - 0.82]
237	3376	4808	1	[0.54 - 0.40 - 0.01 - 0.04]
238	4371	4799	1	[0.93 - 0.06 - 0.00 - 0.00]
239	2889	4806	4	[0.25 - 0.25 - 0.07 - 0.43]
240	4810	4805	4	[0.04 - 0.07 - 0.14 - 0.74]
241	4445	4805	1	[0.76 - 0.14 - 0.01 - 0.10]
242	4842	4799	4	[0.03 - 0.11 - 0.23 - 0.63]
243	4838	4798	2	[0.21 - 0.52 - 0.09 - 0.18]
244	4583	4798	4	[0.01 - 0.01 - 0.02 - 0.96]
245	2701	4795	4	[0.02 - 0.09 - 0.23 - 0.66]
246	2696	4793	4	[0.00 - 0.02 - 0.31 - 0.67]
247	3490	4792	4	[0.01 - 0.02 - 0.20 - 0.77]
248	4238	4786	4	[0.04 - 0.06 - 0.10 - 0.81]
249	2806	4786	1	[0.49 - 0.39 - 0.03 - 0.09]
250	4818	4783	4	[0.03 - 0.25 - 0.31 - 0.42]
251	4077	4776	2	[0.19 - 0.54 - 0.11 - 0.16]
252	2283	4775	1	[0.97 - 0.02 - 0.00 - 0.01]
253	3688	4777	4	[0.05 - 0.17 - 0.32 - 0.47]
254	1878	4764	4	[0.01 - 0.24 - 0.36 - 0.38]
255	1900	4761	3	[0.05 - 0.26 - 0.44 - 0.25]
256	1890	4741	3	[0.00 - 0.06 - 0.78 - 0.15]
257	1895	4749	3	[0.00 - 0.17 - 0.77 - 0.05]
258	4358	4764	4	[0.00 - 0.02 - 0.18 - 0.79]
259	2617	4766	4	[0.02 - 0.03 - 0.10 - 0.85]
260	3426	4761	1	[0.84 - 0.13 - 0.01 - 0.02]
261	3785	4761	4	[0.03 - 0.02 - 0.03 - 0.92]
262	3924	4744	4	[0.00 - 0.01 - 0.27 - 0.72]
263	3930	4737	3	[0.00 - 0.04 - 0.65 - 0.31]
264	3929	4754	3	[0.01 - 0.34 - 0.55 - 0.09]
265	3192	4753	3	[0.00 - 0.04 - 0.91 - 0.05]
266	3193	4748	3	[0.01 - 0.04 - 0.56 - 0.40]
267	3190	4745	4	[0.00 - 0.03 - 0.46 - 0.51]
268	1873	4757	4	[0.01 - 0.01 - 0.05 - 0.94]
269	3506	4751	4	[0.00 - 0.00 - 0.02 - 0.97]
270	3862	4755	2	[0.30 - 0.44 - 0.09 - 0.17]
271	3976	4750	1	[0.60 - 0.25 - 0.03 - 0.12]
272	3189	4740	4	[0.04 - 0.11 - 0.34 - 0.52]
273	3745	4744	4	[0.06 - 0.26 - 0.11 - 0.57]
274	3746	4737	1	[0.62 - 0.26 - 0.02 - 0.10]
275	5447	4746	4	[0.00 - 0.00 - 0.02 - 0.98]
276	1201	4741	4	[0.21 - 0.16 - 0.07 - 0.56]
277	4861	4737	4	[0.34 - 0.18 - 0.05 - 0.43]
278	4282	4737	4	[0.02 - 0.01 - 0.02 - 0.95]
279	2499	4739	4	[0.01 - 0.02 - 0.05 - 0.92]
280	3176	4730	4	[0.00 - 0.03 - 0.45 - 0.52]
281	2998	4727	1	[0.93 - 0.05 - 0.00 - 0.02]
282	2051	4726	1	[0.45 - 0.24 - 0.05 - 0.26]
283	3557	4721	4	[0.04 - 0.09 - 0.06 - 0.81]
284	4984	4719	4	[0.06 - 0.31 - 0.10 - 0.53]
285	3930	4757	4	[0.00 - 0.01 - 0.34 - 0.65]
286	3305	4715	4	[0.20 - 0.17 - 0.05 - 0.58]
287	2525	4712	4	[0.06 - 0.11 - 0.11 - 0.72]
288	5132	4708	1	[0.45 - 0.13 - 0.02 - 0.40]
289	3581	4707	4	[0.17 - 0.36 - 0.08 - 0.39]
290	2818	4709	1	[0.75 - 0.21 - 0.01 - 0.04]
291	3446	4707	4	[0.00 - 0.02 - 0.07 - 0.91]
292	5475	4702	4	[0.05 - 0.10 - 0.12 - 0.73]
293	5003	4694	3	[0.01 - 0.11 - 0.75 - 0.14]
294	3326	4696	1	[0.60 - 0.38 - 0.01 - 0.01]
295	3334	4697	3	[0.02 - 0.18 - 0.47 - 0.33]
296	2438	4699	4	[0.00 - 0.00 - 0.03 - 0.96]
297	4884	4697	1	[0.67 - 0.29 - 0.01 - 0.03]
298	3850	4689	4	[0.03 - 0.05 - 0.06 - 0.86]
299	2207	4694	1	[0.62 - 0.34 - 0.01 - 0.03]
300	4239	4690	4	[0.00 - 0.01 - 0.04 - 0.95]
301	3809	4693	4	[0.00 - 0.01 - 0.07 - 0.92]
302	3375	4692	4	[0.01 - 0.01 - 0.05 - 0.93]
303	4955	4691	4	[0.02 - 0.05 - 0.10 - 0.82]
304	3830	4672	4	[0.00 - 0.01 - 0.33 - 0.65]
305	3839	4674	4	[0.00 - 0.01 - 0.23 - 0.75]
306	3837	4685	2	[0.07 - 0.51 - 0.32 - 0.10]
307	3832	4684	4	[0.00 - 0.01 - 0.14 - 0.85]
308	3401	4686	4	[0.02 - 0.06 - 0.06 - 0.86]
309	4270	4681	2	[0.36 - 0.53 - 0.03 - 0.08]
310	3461	4682	4	[0.01 - 0.01 - 0.01 - 0.96]
311	2291	4680	4	[0.01 - 0.03 - 0.32 - 0.64]
312	2442	4662	4	[0.00 - 0.01 - 0.16 - 0.83]
313	2449	4672	3	[0.01 - 0.24 - 0.65 - 0.10]
314	2449	4665	3	[0.00 - 0.02 - 0.57 - 0.41]
315	3263	4673	4	[0.01 - 0.08 - 0.29 - 0.62]
316	3311	4673	4	[0.03 - 0.05 - 0.27 - 0.66]
317	1920	4672	4	[0.04 - 0.04 - 0.24 - 0.68]
318	3158	4671	3	[0.00 - 0.05 - 0.66 - 0.29]
319	1930	4668	4	[0.00 - 0.02 - 0.47 - 0.51]
320	3166	4668	4	[0.00 - 0.01 - 0.24 - 0.75]
321	1910	4678	4	[0.00 - 0.00 - 0.04 - 0.96]
322	3859	4665	2	[0.10 - 0.65 - 0.11 - 0.14]
323	3177	4656	4	[0.00 - 0.02 - 0.40 - 0.58]
324	3173	4652	4	[0.00 - 0.01 - 0.23 - 0.76]
325	2469	4653	4	[0.00 - 0.00 - 0.03 - 0.97]
326	2906	4653	1	[0.41 - 0.19 - 0.04 - 0.35]
327	2342	4647	4	[0.00 - 0.01 - 0.10 - 0.89]
328	2351	4651	3	[0.04 - 0.41 - 0.48 - 0.07]
329	2216	4652	1	[0.83 - 0.11 - 0.00 - 0.06]
330	2010	4652	1	[0.60 - 0.21 - 0.02 - 0.18]
331	3526	4647	1	[0.70 - 0.24 - 0.01 - 0.06]
332	4184	4648	1	[0.79 - 0.19 - 0.00 - 0.02]
333	3261	4645	3	[0.00 - 0.04 - 0.55 - 0.41]
334	3223	4628	4	[0.00 - 0.01 - 0.11 - 0.88]
335	3233	4624	4	[0.00 - 0.03 - 0.44 - 0.53]
336	3239	4622	2	[0.02 - 0.57 - 0.37 - 0.03]
337	1338	4634	1	[0.51 - 0.16 - 0.02 - 0.31]
338	3313	4632	4	[0.00 - 0.01 - 0.23 - 0.76]
339	3872	4632	4	[0.04 - 0.05 - 0.04 - 0.86]
340	2400	4631	4	[0.07 - 0.06 - 0.02 - 0.84]
341	3324	4630	4	[0.01 - 0.05 - 0.26 - 0.69]
342	4936	4629	4	[0.01 - 0.02 - 0.02 - 0.94]
343	2355	4624	4	[0.17 - 0.15 - 0.09 - 0.59]
344	4196	4628	1	[0.55 - 0.39 - 0.02 - 0.05]
345	2451	4628	4	[0.01 - 0.04 - 0.41 - 0.54]
346	3212	4625	4	[0.00 - 0.02 - 0.26 - 0.72]
347	3250	4622	4	[0.02 - 0.06 - 0.23 - 0.69]
348	2919	4620	3	[0.01 - 0.14 - 0.46 - 0.39]
349	2926	4618	3	[0.01 - 0.07 - 0.63 - 0.30]
350	2990	4622	4	[0.03 - 0.11 - 0.37 - 0.50]
351	4925	4618	4	[0.01 - 0.02 - 0.22 - 0.75]
352	2268	4620	4	[0.04 - 0.03 - 0.06 - 0.87]
353	3932	4618	2	[0.04 - 0.58 - 0.31 - 0.07]
354	3741	4612	4	[0.15 - 0.09 - 0.20 - 0.55]
355	4929	4619	2	[0.08 - 0.75 - 0.14 - 0.03]
356	3231	4613	4	[0.00 - 0.01 - 0.08 - 0.91]
357	4879	4611	1	[0.80 - 0.13 - 0.01 - 0.06]
358	3740	4617	4	[0.01 - 0.03 - 0.12 - 0.84]
359	3824	4603	4	[0.00 - 0.01 - 0.12 - 0.87]
360	4936	4606	1	[0.44 - 0.23 - 0.02 - 0.31]
361	4137	4605	1	[0.44 - 0.31 - 0.05 - 0.20]
362	2039	4603	4	[0.02 - 0.07 - 0.36 - 0.55]
363	3854	4597	4	[0.00 - 0.00 - 0.05 - 0.95]
364	3859	4590	1	[0.66 - 0.24 - 0.01 - 0.08]
365	4077	4593	4	[0.01 - 0.03 - 0.17 - 0.78]
366	3894	4590	4	[0.12 - 0.12 - 0.07 - 0.70]
367	5030	4583	4	[0.01 - 0.02 - 0.08 - 0.90]
368	4269	4584	1	[0.76 - 0.17 - 0.01 - 0.06]
369	3926	4584	4	[0.01 - 0.02 - 0.21 - 0.75]
370	5055	4580	4	[0.03 - 0.01 - 0.01 - 0.95]
371	4960	4580	4	[0.17 - 0.14 - 0.10 - 0.58]
372	1984	4577	1	[0.44 - 0.27 - 0.02 - 0.27]
373	3869	4573	4	[0.03 - 0.03 - 0.04 - 0.91]
374	4984	4575	4	[0.02 - 0.09 - 0.26 - 0.62]
375	5032	4567	3	[0.00 - 0.02 - 0.52 - 0.46]
376	3073	4570	4	[0.16 - 0.10 - 0.04 - 0.70]
377	3594	4566	2	[0.20 - 0.31 - 0.19 - 0.30]
378	3587	4564	4	[0.01 - 0.01 - 0.04 - 0.95]
379	4232	4564	4	[0.01 - 0.01 - 0.03 - 0.95]
380	5055	4562	1	[0.59 - 0.34 - 0.01 - 0.06]
381	4953	4559	4	[0.02 - 0.12 - 0.35 - 0.52]
382	4313	4562	1	[0.64 - 0.33 - 0.01 - 0.02]
383	3121	4556	4	[0.03 - 0.10 - 0.23 - 0.64]
384	3121	4552	4	[0.05 - 0.11 - 0.18 - 0.66]
385	4963	4550	4	[0.01 - 0.01 - 0.03 - 0.95]
386	2132	4545	4	[0.06 - 0.09 - 0.32 - 0.53]
387	1231	4544	1	[0.93 - 0.06 - 0.00 - 0.01]
388	5000	4539	1	[0.86 - 0.11 - 0.00 - 0.03]
389	4995	4539	4	[0.01 - 0.01 - 0.04 - 0.94]
390	4214	4541	4	[0.06 - 0.07 - 0.06 - 0.80]
391	3230	4535	4	[0.04 - 0.05 - 0.07 - 0.84]
392	2357	4528	4	[0.00 - 0.01 - 0.13 - 0.86]
393	2370	4524	1	[0.69 - 0.21 - 0.01 - 0.08]
394	2365	4523	4	[0.00 - 0.01 - 0.21 - 0.77]
395	3144	4514	4	[0.01 - 0.01 - 0.05 - 0.93]
396	3120	4487	4	[0.00 - 0.02 - 0.22 - 0.76]
397	3128	4512	3	[0.00 - 0.05 - 0.86 - 0.10]
398	1335	4522	3	[0.02 - 0.10 - 0.59 - 0.30]
399	2827	4521	4	[0.23 - 0.23 - 0.04 - 0.49]
400	2588	4520	1	[0.74 - 0.18 - 0.01 - 0.08]
401	3130	4499	3	[0.00 - 0.04 - 0.66 - 0.31]
402	4908	4518	4	[0.00 - 0.02 - 0.48 - 0.50]
403	4729	4515	1	[0.96 - 0.04 - 0.00 - 0.00]
404	3179	4516	4	[0.01 - 0.02 - 0.13 - 0.84]
405	1931	4515	1	[0.46 - 0.18 - 0.03 - 0.33]
406	4309	4512	1	[0.75 - 0.14 - 0.01 - 0.09]
407	2835	4510	1	[0.82 - 0.10 - 0.01 - 0.08]
408	2425	4508	4	[0.34 - 0.18 - 0.04 - 0.45]
409	5508	4504	1	[0.70 - 0.17 - 0.01 - 0.12]
410	5041	4504	1	[0.92 - 0.04 - 0.00 - 0.04]
411	3093	4502	4	[0.00 - 0.01 - 0.19 - 0.80]
412	4155	4502	4	[0.09 - 0.29 - 0.12 - 0.50]
413	2541	4499	3	[0.01 - 0.06 - 0.64 - 0.29]
414	2538	4497	3	[0.00 - 0.04 - 0.61 - 0.35]
415	4732	4498	1	[0.81 - 0.14 - 0.01 - 0.04]
416	3518	4493	1	[0.97 - 0.03 - 0.00 - 0.00]
417	2398	4491	4	[0.01 - 0.02 - 0.02 - 0.95]
418	3126	4498	3	[0.00 - 0.05 - 0.81 - 0.13]
419	4221	4487	4	[0.04 - 0.12 - 0.26 - 0.58]
420	1881	4470	2	[0.24 - 0.48 - 0.10 - 0.18]
421	2853	4468	1	[0.83 - 0.10 - 0.01 - 0.07]
422	4906	4468	4	[0.13 - 0.26 - 0.13 - 0.47]
423	5560	4465	4	[0.00 - 0.00 - 0.03 - 0.97]
424	4104	4464	4	[0.01 - 0.02 - 0.04 - 0.92]
425	3061	4463	1	[0.68 - 0.18 - 0.02 - 0.12]
426	2937	4456	2	[0.27 - 0.67 - 0.05 - 0.01]
427	3968	4463	1	[0.39 - 0.36 - 0.05 - 0.20]
428	3021	4462	4	[0.02 - 0.08 - 0.36 - 0.54]
429	3019	4454	3	[0.00 - 0.02 - 0.58 - 0.40]
430	3019	4449	4	[0.01 - 0.01 - 0.10 - 0.89]
431	2992	4457	4	[0.35 - 0.18 - 0.03 - 0.44]
432	2893	4456	1	[0.76 - 0.19 - 0.01 - 0.04]
433	5538	4455	4	[0.01 - 0.03 - 0.12 - 0.84]
434	2950	4452	4	[0.02 - 0.07 - 0.13 - 0.78]
435	4186	4450	4	[0.27 - 0.31 - 0.11 - 0.31]
436	3888	4447	4	[0.01 - 0.04 - 0.20 - 0.74]
437	4112	4447	4	[0.06 - 0.20 - 0.22 - 0.52]
438	4107	4444	4	[0.00 - 0.00 - 0.03 - 0.97]
439	2734	4446	4	[0.05 - 0.14 - 0.20 - 0.61]
440	2903	4437	4	[0.20 - 0.32 - 0.13 - 0.35]
441	3104	4436	4	[0.12 - 0.09 - 0.06 - 0.74]
442	2894	4433	1	[0.75 - 0.20 - 0.01 - 0.04]
443	5332	4432	4	[0.06 - 0.15 - 0.32 - 0.47]
444	4116	4428	2	[0.19 - 0.43 - 0.16 - 0.22]
445	2868	4426	4	[0.13 - 0.34 - 0.14 - 0.39]
446	2658	4417	1	[0.69 - 0.28 - 0.01 - 0.02]
447	3739	4414	4	[0.01 - 0.00 - 0.01 - 0.98]
448	2851	4401	1	[0.38 - 0.22 - 0.14 - 0.27]
449	5309	4407	4	[0.01 - 0.05 - 0.35 - 0.59]
450	5308	4402	3	[0.03 - 0.06 - 0.50 - 0.41]
451	3813	4404	1	[0.84 - 0.13 - 0.00 - 0.03]
452	3112	4405	4	[0.01 - 0.01 - 0.03 - 0.95]
453	4115	4400	1	[0.76 - 0.15 - 0.01 - 0.07]
454	2938	4398	4	[0.02 - 0.09 - 0.28 - 0.61]
455	4174	4399	4	[0.03 - 0.09 - 0.33 - 0.55]
456	4796	4383	4	[0.40 - 0.15 - 0.03 - 0.42]
457	3007	4378	1	[0.94 - 0.06 - 0.00 - 0.00]
458	5275	4376	1	[0.93 - 0.06 - 0.00 - 0.01]
459	2007	4378	4	[0.22 - 0.25 - 0.14 - 0.39]
460	2902	4370	4	[0.00 - 0.02 - 0.23 - 0.75]
461	2983	4351	4	[0.00 - 0.02 - 0.14 - 0.85]
462	4165	4362	1	[0.77 - 0.10 - 0.01 - 0.12]
463	5568	4360	4	[0.01 - 0.03 - 0.17 - 0.79]
464	4691	4359	3	[0.00 - 0.03 - 0.57 - 0.39]
465	3961	4359	1	[0.58 - 0.20 - 0.02 - 0.20]
466	2998	4357	4	[0.01 - 0.06 - 0.29 - 0.65]
467	5550	4356	4	[0.00 - 0.01 - 0.05 - 0.94]
468	2925	4358	4	[0.04 - 0.27 - 0.27 - 0.42]
469	5544	4349	4	[0.00 - 0.01 - 0.09 - 0.90]
470	1930	4348	1	[0.78 - 0.20 - 0.00 - 0.02]
471	4689	4346	4	[0.00 - 0.01 - 0.03 - 0.96]
472	3261	4344	1	[0.95 - 0.04 - 0.00 - 0.00]
473	5545	4338	1	[0.83 - 0.12 - 0.01 - 0.04]
474	4974	4339	2	[0.28 - 0.47 - 0.04 - 0.20]
475	4334	4338	4	[0.00 - 0.00 - 0.01 - 0.98]
476	4896	4336	1	[0.76 - 0.22 - 0.00 - 0.02]
477	2795	4335	4	[0.03 - 0.03 - 0.06 - 0.88]
478	2933	4334	4	[0.13 - 0.26 - 0.09 - 0.52]
479	4221	4331	1	[0.78 - 0.10 - 0.01 - 0.12]
480	2346	4325	4	[0.07 - 0.20 - 0.04 - 0.69]
481	2340	4314	4	[0.04 - 0.14 - 0.04 - 0.77]
482	2333	4301	4	[0.06 - 0.22 - 0.05 - 0.66]
483	2327	4288	4	[0.04 - 0.12 - 0.04 - 0.80]
484	2873	4322	4	[0.00 - 0.00 - 0.05 - 0.94]
485	2925	4316	4	[0.01 - 0.04 - 0.32 - 0.64]
486	3040	4311	3	[0.01 - 0.05 - 0.56 - 0.38]
487	2284	4311	2	[0.13 - 0.50 - 0.13 - 0.24]
488	4489	4307	1	[0.90 - 0.08 - 0.00 - 0.02]
489	3055	4307	4	[0.00 - 0.01 - 0.24 - 0.75]
490	2066	4300	1	[0.69 - 0.30 - 0.00 - 0.00]
491	2880	4284	4	[0.02 - 0.05 - 0.12 - 0.81]
492	4243	4275	4	[0.00 - 0.00 - 0.04 - 0.96]
493	4240	4281	4	[0.00 - 0.06 - 0.31 - 0.62]
494	2697	4280	4	[0.03 - 0.05 - 0.05 - 0.87]
495	4294	4274	4	[0.30 - 0.15 - 0.07 - 0.48]
496	4109	4273	1	[0.82 - 0.16 - 0.00 - 0.03]
497	2503	4271	4	[0.05 - 0.12 - 0.23 - 0.60]
498	4191	4269	4	[0.02 - 0.02 - 0.09 - 0.87]
499	5322	4268	1	[0.72 - 0.21 - 0.01 - 0.06]
500	1659	4266	3	[0.02 - 0.24 - 0.65 - 0.09]
501	1660	4261	4	[0.04 - 0.14 - 0.28 - 0.53]
502	4225	4267	4	[0.00 - 0.00 - 0.05 - 0.94]
503	2865	4266	4	[0.00 - 0.01 - 0.10 - 0.89]
504	2686	4262	2	[0.30 - 0.42 - 0.04 - 0.23]
505	3885	4262	2	[0.33 - 0.47 - 0.05 - 0.15]
506	2255	4002	4	[0.00 - 0.00 - 0.04 - 0.96]
507	2259	4043	4	[0.01 - 0.07 - 0.15 - 0.77]
508	5418	4243	1	[0.70 - 0.24 - 0.01 - 0.05]
509	1872	4239	4	[0.00 - 0.01 - 0.06 - 0.93]
510	2836	4241	4	[0.04 - 0.12 - 0.15 - 0.69]
511	4312	4237	4	[0.14 - 0.35 - 0.12 - 0.38]
512	3010	4235	4	[0.01 - 0.02 - 0.03 - 0.93]
513	2730	4230	4	[0.01 - 0.02 - 0.32 - 0.65]
514	2648	4233	4	[0.02 - 0.12 - 0.15 - 0.71]
515	4864	4227	4	[0.00 - 0.01 - 0.09 - 0.90]
516	4623	4229	1	[0.91 - 0.06 - 0.00 - 0.02]
517	4300	4225	1	[0.81 - 0.16 - 0.00 - 0.02]
518	3729	4225	1	[0.51 - 0.22 - 0.03 - 0.24]
519	1309	4226	1	[0.87 - 0.12 - 0.00 - 0.01]
520	4809	4226	1	[0.54 - 0.19 - 0.03 - 0.25]
521	5342	4222	1	[0.40 - 0.26 - 0.03 - 0.31]
522	1500	4208	4	[0.01 - 0.03 - 0.33 - 0.62]
523	1428	4203	4	[0.02 - 0.15 - 0.11 - 0.72]
524	2755	4205	4	[0.02 - 0.08 - 0.22 - 0.68]
525	2740	4205	4	[0.08 - 0.20 - 0.09 - 0.63]
526	4591	4200	1	[0.64 - 0.16 - 0.01 - 0.18]
527	2699	4201	4	[0.05 - 0.14 - 0.14 - 0.68]
528	4847	4197	1	[0.43 - 0.40 - 0.05 - 0.11]
529	2521	4197	4	[0.33 - 0.14 - 0.06 - 0.48]
530	1856	4198	4	[0.05 - 0.04 - 0.08 - 0.83]
531	2631	4194	1	[0.33 - 0.33 - 0.12 - 0.22]
532	2000	4194	4	[0.02 - 0.07 - 0.07 - 0.84]
533	4212	4190	4	[0.30 - 0.24 - 0.08 - 0.39]
534	2782	4186	4	[0.05 - 0.07 - 0.06 - 0.83]
535	2734	4182	4	[0.00 - 0.01 - 0.03 - 0.96]
536	1665	4181	1	[0.76 - 0.22 - 0.00 - 0.01]
537	2853	4178	2	[0.15 - 0.38 - 0.13 - 0.33]
538	4831	4177	1	[0.35 - 0.32 - 0.06 - 0.27]
539	4595	4176	3	[0.05 - 0.34 - 0.35 - 0.26]
540	2812	4172	4	[0.08 - 0.13 - 0.26 - 0.53]
541	1284	4170	4	[0.00 - 0.00 - 0.02 - 0.97]
542	1873	4167	1	[0.85 - 0.10 - 0.00 - 0.05]
543	1869	4163	4	[0.00 - 0.00 - 0.05 - 0.95]
544	4768	4167	1	[0.92 - 0.07 - 0.00 - 0.01]
545	1367	4165	4	[0.12 - 0.24 - 0.29 - 0.35]
546	4590	4166	4	[0.07 - 0.05 - 0.11 - 0.78]
547	2227	4084	4	[0.01 - 0.14 - 0.29 - 0.56]
548	5612	4164	4	[0.06 - 0.06 - 0.11 - 0.76]
549	4113	4156	1	[0.98 - 0.01 - 0.00 - 0.00]
550	1325	4160	2	[0.37 - 0.39 - 0.05 - 0.19]
551	2647	4160	1	[0.44 - 0.33 - 0.03 - 0.19]
552	2590	4163	4	[0.28 - 0.11 - 0.03 - 0.58]
553	1868	4153	4	[0.01 - 0.03 - 0.25 - 0.71]
554	4130	4148	4	[0.00 - 0.01 - 0.09 - 0.90]
555	2718	4151	1	[0.66 - 0.22 - 0.01 - 0.10]
556	2626	4152	2	[0.22 - 0.37 - 0.06 - 0.35]
557	2602	4150	3	[0.00 - 0.03 - 0.59 - 0.38]
558	2607	4147	4	[0.00 - 0.01 - 0.49 - 0.50]
559	2587	4146	1	[0.95 - 0.04 - 0.00 - 0.01]
560	4206	4143	4	[0.21 - 0.22 - 0.20 - 0.37]
561	4123	4142	4	[0.00 - 0.01 - 0.12 - 0.86]
562	1438	4141	1	[0.83 - 0.17 - 0.00 - 0.00]
563	1333	4007	4	[0.00 - 0.00 - 0.05 - 0.95]
564	1347	4038	4	[0.00 - 0.02 - 0.05 - 0.93]
565	1357	4059	4	[0.04 - 0.23 - 0.09 - 0.64]
566	1379	4102	4	[0.02 - 0.09 - 0.06 - 0.83]
567	1370	4086	2	[0.05 - 0.37 - 0.21 - 0.36]
568	4779	4139	4	[0.00 - 0.00 - 0.02 - 0.98]
569	5669	4134	4	[0.00 - 0.00 - 0.02 - 0.98]
570	5663	4135	3	[0.00 - 0.06 - 0.69 - 0.24]
571	5659	4131	4	[0.00 - 0.02 - 0.42 - 0.56]
572	4460	4139	4	[0.02 - 0.08 - 0.23 - 0.67]
573	4558	4136	1	[0.94 - 0.05 - 0.00 - 0.01]
574	2691	4131	2	[0.33 - 0.47 - 0.06 - 0.14]
575	3597	4121	4	[0.00 - 0.00 - 0.01 - 0.99]
576	2887	4255	4	[0.01 - 0.05 - 0.15 - 0.79]
577	4262	4123	1	[0.83 - 0.15 - 0.00 - 0.01]
578	3567	4048	1	[0.68 - 0.24 - 0.01 - 0.07]
579	4380	4103	4	[0.08 - 0.23 - 0.26 - 0.43]
580	2987	4101	1	[0.44 - 0.19 - 0.03 - 0.34]
581	2788	4102	4	[0.03 - 0.03 - 0.05 - 0.90]
582	1347	4102	1	[0.61 - 0.27 - 0.01 - 0.10]
583	4627	4254	2	[0.29 - 0.48 - 0.08 - 0.15]
584	3100	4251	1	[0.40 - 0.30 - 0.05 - 0.25]
585	2907	4095	3	[0.02 - 0.24 - 0.57 - 0.17]
586	2907	4091	3	[0.01 - 0.04 - 0.56 - 0.40]
587	2801	4094	4	[0.16 - 0.15 - 0.09 - 0.60]
588	2886	4091	3	[0.03 - 0.12 - 0.52 - 0.33]
589	1833	4076	1	[0.68 - 0.22 - 0.02 - 0.08]
590	1833	4086	4	[0.00 - 0.00 - 0.09 - 0.90]
591	3526	4091	4	[0.00 - 0.01 - 0.01 - 0.97]
592	2331	4089	1	[0.80 - 0.12 - 0.01 - 0.07]
593	3720	4087	4	[0.00 - 0.00 - 0.00 - 0.99]
594	5044	4085	4	[0.04 - 0.06 - 0.07 - 0.83]
595	5672	4086	1	[0.74 - 0.13 - 0.00 - 0.12]
596	2926	4121	4	[0.01 - 0.04 - 0.26 - 0.69]
597	5258	4081	1	[0.78 - 0.19 - 0.01 - 0.03]
598	1998	4083	1	[0.53 - 0.37 - 0.02 - 0.09]
599	4590	4081	2	[0.38 - 0.38 - 0.04 - 0.21]
600	2811	4078	4	[0.01 - 0.04 - 0.36 - 0.59]
601	1873	4078	4	[0.01 - 0.02 - 0.05 - 0.91]
602	1815	4077	4	[0.00 - 0.01 - 0.06 - 0.93]
603	1855	4075	4	[0.01 - 0.03 - 0.14 - 0.82]
604	1856	4068	4	[0.01 - 0.07 - 0.35 - 0.58]
605	1858	4063	3	[0.01 - 0.34 - 0.63 - 0.02]
606	3639	4071	4	[0.00 - 0.00 - 0.01 - 0.99]
607	3051	4250	4	[0.03 - 0.22 - 0.30 - 0.45]
608	3493	4116	4	[0.00 - 0.00 - 0.01 - 0.98]
609	1895	4069	4	[0.01 - 0.04 - 0.16 - 0.78]
610	5649	4113	4	[0.00 - 0.02 - 0.42 - 0.56]
611	3450	4067	4	[0.00 - 0.00 - 0.03 - 0.97]
612	4358	4059	1	[0.83 - 0.10 - 0.01 - 0.06]
613	1882	4056	2	[0.24 - 0.70 - 0.04 - 0.02]
614	2653	4053	2	[0.32 - 0.42 - 0.05 - 0.21]
615	1820	4041	4	[0.00 - 0.01 - 0.08 - 0.91]
616	2823	4043	4	[0.10 - 0.27 - 0.26 - 0.38]
617	1867	4043	4	[0.01 - 0.02 - 0.35 - 0.63]
618	1864	4040	4	[0.00 - 0.03 - 0.42 - 0.55]
619	1800	4034	4	[0.01 - 0.02 - 0.15 - 0.82]
620	4823	4040	1	[0.52 - 0.46 - 0.01 - 0.01]
621	4178	4039	4	[0.00 - 0.01 - 0.35 - 0.64]
622	4392	4115	1	[0.79 - 0.14 - 0.01 - 0.07]
623	2950	4038	1	[0.87 - 0.09 - 0.00 - 0.04]
624	2719	4025	2	[0.04 - 0.62 - 0.26 - 0.09]
625	2713	4019	3	[0.01 - 0.09 - 0.51 - 0.39]
626	4328	4026	3	[0.04 - 0.22 - 0.45 - 0.29]
627	1786	4028	4	[0.00 - 0.00 - 0.04 - 0.95]
628	4421	4020	4	[0.00 - 0.01 - 0.29 - 0.69]
629	4358	4024	4	[0.00 - 0.02 - 0.14 - 0.84]
630	2572	4024	4	[0.01 - 0.01 - 0.03 - 0.95]
631	4987	4023	4	[0.00 - 0.01 - 0.03 - 0.96]
632	3757	4256	1	[0.97 - 0.03 - 0.00 - 0.01]
633	5037	4016	4	[0.07 - 0.06 - 0.09 - 0.78]
634	4424	4021	3	[0.01 - 0.10 - 0.45 - 0.44]
635	4542	4013	4	[0.01 - 0.01 - 0.03 - 0.95]
636	2554	4011	3	[0.00 - 0.09 - 0.58 - 0.32]
637	2551	4012	4	[0.01 - 0.05 - 0.34 - 0.60]
638	1826	4013	4	[0.01 - 0.02 - 0.06 - 0.91]
639	2733	4005	4	[0.24 - 0.18 - 0.25 - 0.34]
640	5519	4008	4	[0.01 - 0.02 - 0.03 - 0.94]
641	4569	4009	4	[0.24 - 0.15 - 0.14 - 0.47]
642	2021	4009	1	[0.85 - 0.14 - 0.00 - 0.01]
643	4306	4005	4	[0.00 - 0.02 - 0.13 - 0.85]
644	2746	4002	4	[0.01 - 0.04 - 0.10 - 0.86]
645	5023	4000	4	[0.07 - 0.31 - 0.26 - 0.36]
646	2545	3994	2	[0.06 - 0.58 - 0.32 - 0.04]
647	4924	4258	4	[0.18 - 0.17 - 0.08 - 0.57]
648	5666	4118	4	[0.01 - 0.09 - 0.39 - 0.52]
649	2531	3994	4	[0.00 - 0.01 - 0.14 - 0.84]
650	3151	4109	1	[0.92 - 0.07 - 0.00 - 0.01]
651	5028	3990	4	[0.01 - 0.03 - 0.17 - 0.80]
652	2437	3990	4	[0.07 - 0.22 - 0.12 - 0.58]
653	4967	3987	4	[0.09 - 0.17 - 0.21 - 0.52]
654	4971	3984	4	[0.02 - 0.03 - 0.32 - 0.64]
655	3003	3985	3	[0.01 - 0.04 - 0.48 - 0.47]
656	3006	3982	4	[0.01 - 0.08 - 0.36 - 0.55]
657	1961	3987	1	[0.74 - 0.20 - 0.01 - 0.05]
658	4984	3979	4	[0.01 - 0.04 - 0.15 - 0.81]
659	3025	3984	4	[0.06 - 0.07 - 0.10 - 0.77]
660	5013	3981	1	[0.84 - 0.15 - 0.00 - 0.01]
661	4362	3983	4	[0.01 - 0.04 - 0.37 - 0.59]
662	4147	4248	2	[0.15 - 0.41 - 0.15 - 0.29]
663	3619	3977	4	[0.00 - 0.00 - 0.02 - 0.98]
664	2491	3978	4	[0.02 - 0.04 - 0.14 - 0.80]
665	2491	3971	3	[0.00 - 0.02 - 0.73 - 0.25]
666	2492	3968	3	[0.00 - 0.02 - 0.69 - 0.29]
667	4961	3974	3	[0.00 - 0.01 - 0.51 - 0.48]
668	4379	3974	4	[0.00 - 0.00 - 0.01 - 0.98]
669	4950	3972	4	[0.16 - 0.13 - 0.07 - 0.65]
670	2516	3976	4	[0.00 - 0.02 - 0.43 - 0.54]
671	2630	3970	1	[0.40 - 0.21 - 0.04 - 0.35]
672	5647	4105	4	[0.01 - 0.04 - 0.25 - 0.70]
673	3021	3966	1	[0.49 - 0.30 - 0.03 - 0.17]
674	2524	3962	4	[0.00 - 0.00 - 0.03 - 0.97]
675	2612	3955	4	[0.13 - 0.12 - 0.10 - 0.65]
676	1552	3954	4	[0.21 - 0.20 - 0.06 - 0.53]
677	1926	3954	1	[0.53 - 0.32 - 0.02 - 0.14]
678	5638	3947	1	[0.97 - 0.03 - 0.00 - 0.00]
679	2448	3947	4	[0.02 - 0.09 - 0.10 - 0.79]
680	3495	4107	4	[0.00 - 0.00 - 0.01 - 0.99]
681	1804	3940	4	[0.06 - 0.06 - 0.18 - 0.70]
682	4315	3933	4	[0.00 - 0.01 - 0.04 - 0.95]
683	2675	3934	4	[0.02 - 0.09 - 0.18 - 0.71]
684	1959	4246	1	[0.53 - 0.40 - 0.02 - 0.06]
685	4802	3931	2	[0.22 - 0.39 - 0.06 - 0.33]
686	2680	3920	4	[0.00 - 0.01 - 0.15 - 0.84]
687	4930	3919	4	[0.27 - 0.17 - 0.05 - 0.51]
688	2988	3917	4	[0.00 - 0.02 - 0.42 - 0.56]
689	2997	3912	2	[0.04 - 0.48 - 0.44 - 0.03]
690	2692	3910	3	[0.00 - 0.07 - 0.74 - 0.19]
691	5209	3901	1	[0.98 - 0.02 - 0.00 - 0.00]
692	5257	3899	1	[0.55 - 0.43 - 0.01 - 0.02]
693	5010	3891	3	[0.02 - 0.17 - 0.61 - 0.20]
694	5004	3889	4	[0.02 - 0.07 - 0.39 - 0.52]
695	2364	3871	4	[0.00 - 0.01 - 0.29 - 0.69]
696	2347	3887	4	[0.00 - 0.01 - 0.15 - 0.84]
697	4777	3890	2	[0.06 - 0.38 - 0.26 - 0.30]
698	4136	3889	4	[0.09 - 0.11 - 0.07 - 0.73]
699	2055	3887	1	[0.96 - 0.04 - 0.00 - 0.00]
700	2713	3882	1	[0.89 - 0.10 - 0.00 - 0.01]
701	3029	3874	4	[0.08 - 0.06 - 0.03 - 0.84]
702	2934	3872	1	[0.85 - 0.14 - 0.00 - 0.01]
703	4794	3868	2	[0.37 - 0.54 - 0.03 - 0.07]
704	2833	3861	4	[0.01 - 0.01 - 0.02 - 0.96]
705	1413	3852	1	[0.56 - 0.33 - 0.04 - 0.07]
706	1970	3848	1	[0.76 - 0.21 - 0.00 - 0.03]
707	1750	3848	2	[0.14 - 0.52 - 0.21 - 0.14]
708	1423	3844	4	[0.21 - 0.14 - 0.10 - 0.55]
709	4438	3842	1	[0.74 - 0.13 - 0.01 - 0.12]
710	4515	3832	1	[0.88 - 0.11 - 0.00 - 0.01]
711	2445	3832	4	[0.02 - 0.10 - 0.23 - 0.66]
712	2864	3828	4	[0.18 - 0.31 - 0.07 - 0.44]
713	4907	3818	4	[0.01 - 0.05 - 0.16 - 0.78]
714	4119	3817	4	[0.02 - 0.09 - 0.42 - 0.47]
715	4117	3812	4	[0.00 - 0.02 - 0.37 - 0.61]
716	3181	3816	4	[0.01 - 0.01 - 0.03 - 0.95]
717	4744	3808	4	[0.04 - 0.09 - 0.05 - 0.82]
718	2794	3804	1	[0.91 - 0.07 - 0.00 - 0.02]
719	2617	3805	4	[0.02 - 0.03 - 0.03 - 0.92]
720	4536	3802	4	[0.10 - 0.30 - 0.22 - 0.38]
721	4685	3798	1	[0.83 - 0.13 - 0.00 - 0.03]
722	4310	3798	2	[0.37 - 0.39 - 0.08 - 0.17]
723	3734	3793	1	[0.92 - 0.06 - 0.00 - 0.01]
724	4325	3790	4	[0.10 - 0.16 - 0.20 - 0.54]
725	4330	3787	4	[0.01 - 0.09 - 0.43 - 0.47]
726	3095	3791	4	[0.05 - 0.03 - 0.03 - 0.89]
727	3084	3788	1	[0.95 - 0.05 - 0.00 - 0.00]
728	2636	3782	4	[0.00 - 0.07 - 0.39 - 0.54]
729	5321	3778	1	[0.98 - 0.01 - 0.00 - 0.00]
730	4166	3780	4	[0.03 - 0.04 - 0.05 - 0.87]
731	1407	3780	4	[0.00 - 0.00 - 0.02 - 0.98]
732	2493	3776	4	[0.22 - 0.25 - 0.10 - 0.42]
733	5588	3768	1	[0.96 - 0.04 - 0.00 - 0.00]
734	2852	3763	4	[0.05 - 0.13 - 0.07 - 0.75]
735	4891	3756	1	[0.91 - 0.08 - 0.00 - 0.01]
736	4503	3757	4	[0.01 - 0.00 - 0.01 - 0.98]
737	4205	3757	4	[0.14 - 0.13 - 0.06 - 0.67]
738	5577	3756	1	[0.65 - 0.08 - 0.01 - 0.26]
739	2807	3754	3	[0.01 - 0.06 - 0.62 - 0.30]
740	2813	3753	3	[0.01 - 0.03 - 0.54 - 0.42]
741	2655	3752	4	[0.08 - 0.07 - 0.12 - 0.74]
742	5784	3742	4	[0.00 - 0.00 - 0.01 - 0.99]
743	4946	3740	1	[0.97 - 0.03 - 0.00 - 0.00]
744	5787	3738	4	[0.04 - 0.07 - 0.03 - 0.87]
745	1810	3737	4	[0.14 - 0.23 - 0.07 - 0.56]
746	5811	3737	4	[0.00 - 0.00 - 0.02 - 0.98]
747	2405	3729	1	[0.46 - 0.41 - 0.06 - 0.07]
748	2410	3727	4	[0.00 - 0.03 - 0.13 - 0.83]
749	2454	3730	4	[0.27 - 0.14 - 0.07 - 0.52]
750	5665	3729	2	[0.24 - 0.54 - 0.07 - 0.14]
751	2799	3724	3	[0.02 - 0.15 - 0.56 - 0.28]
752	4065	3725	1	[0.65 - 0.20 - 0.01 - 0.15]
753	2811	3717	4	[0.06 - 0.07 - 0.06 - 0.81]
754	3160	3704	4	[0.05 - 0.11 - 0.19 - 0.65]
755	4873	3704	1	[0.74 - 0.12 - 0.01 - 0.13]
756	2621	3695	1	[0.73 - 0.26 - 0.00 - 0.01]
757	1735	3695	1	[0.74 - 0.25 - 0.00 - 0.01]
758	4065	3694	1	[0.83 - 0.12 - 0.01 - 0.05]
759	4470	3689	1	[0.88 - 0.09 - 0.00 - 0.02]
760	5073	3687	1	[0.68 - 0.25 - 0.02 - 0.05]
761	4017	3685	4	[0.22 - 0.25 - 0.14 - 0.39]
762	2754	3685	4	[0.00 - 0.00 - 0.03 - 0.96]
763	3179	3684	4	[0.19 - 0.23 - 0.14 - 0.45]
764	4319	3682	1	[0.80 - 0.18 - 0.00 - 0.01]
765	2747	3683	1	[0.33 - 0.30 - 0.09 - 0.28]
766	2449	3680	3	[0.01 - 0.06 - 0.69 - 0.24]
767	2449	3676	4	[0.02 - 0.08 - 0.44 - 0.47]
768	2891	3674	4	[0.09 - 0.12 - 0.13 - 0.66]
769	2886	3672	4	[0.02 - 0.03 - 0.17 - 0.78]
770	2849	3673	4	[0.08 - 0.10 - 0.04 - 0.78]
771	2674	3668	4	[0.01 - 0.03 - 0.34 - 0.62]
772	2814	3663	2	[0.19 - 0.46 - 0.08 - 0.26]
773	3959	3661	1	[0.95 - 0.04 - 0.00 - 0.01]
774	2200	3665	1	[0.79 - 0.19 - 0.00 - 0.02]
775	5804	3658	3	[0.02 - 0.15 - 0.51 - 0.32]
776	2812	3647	2	[0.02 - 0.49 - 0.46 - 0.03]
777	4465	3644	1	[0.97 - 0.03 - 0.00 - 0.00]
778	5566	3643	1	[0.41 - 0.24 - 0.04 - 0.32]
779	2736	3640	4	[0.02 - 0.05 - 0.06 - 0.87]
780	2358	3638	4	[0.02 - 0.04 - 0.05 - 0.88]
781	5245	3640	1	[0.52 - 0.27 - 0.02 - 0.19]
782	1918	3640	4	[0.06 - 0.05 - 0.05 - 0.84]
783	2768	3635	2	[0.31 - 0.40 - 0.08 - 0.21]
784	4003	3635	1	[0.95 - 0.04 - 0.00 - 0.01]
785	2383	3630	1	[0.53 - 0.34 - 0.05 - 0.09]
786	5260	3633	4	[0.03 - 0.03 - 0.06 - 0.88]
787	3724	3630	1	[0.70 - 0.13 - 0.01 - 0.15]
788	1739	3630	4	[0.05 - 0.09 - 0.11 - 0.75]
789	1461	3630	4	[0.00 - 0.00 - 0.01 - 0.99]
790	4210	3626	1	[0.48 - 0.46 - 0.03 - 0.03]
791	3503	3629	4	[0.04 - 0.04 - 0.03 - 0.89]
792	5561	3625	1	[0.72 - 0.12 - 0.01 - 0.15]
793	1697	3619	3	[0.01 - 0.11 - 0.64 - 0.24]
794	2852	3620	3	[0.00 - 0.06 - 0.72 - 0.22]
795	2849	3619	3	[0.00 - 0.03 - 0.66 - 0.32]
796	2546	3622	4	[0.00 - 0.01 - 0.17 - 0.82]
797	2544	3620	4	[0.08 - 0.34 - 0.24 - 0.34]
798	4530	3614	1	[0.91 - 0.05 - 0.00 - 0.03]
799	2347	3614	4	[0.01 - 0.03 - 0.14 - 0.81]
800	2377	3605	3	[0.00 - 0.03 - 0.65 - 0.31]
801	1734	3609	4	[0.03 - 0.05 - 0.06 - 0.86]
802	4410	3607	1	[0.86 - 0.10 - 0.00 - 0.03]
803	1945	3603	4	[0.00 - 0.01 - 0.15 - 0.83]
804	4984	3605	4	[0.05 - 0.23 - 0.33 - 0.39]
805	2347	3598	3	[0.03 - 0.40 - 0.44 - 0.13]
806	2350	3589	4	[0.00 - 0.01 - 0.17 - 0.82]
807	2363	3597	4	[0.00 - 0.03 - 0.18 - 0.79]
808	3083	3506	4	[0.00 - 0.00 - 0.03 - 0.97]
809	3085	3498	4	[0.01 - 0.09 - 0.24 - 0.66]
810	2956	3579	1	[0.66 - 0.22 - 0.02 - 0.10]
811	4040	3580	2	[0.32 - 0.38 - 0.13 - 0.17]
812	3172	3579	4	[0.13 - 0.32 - 0.21 - 0.35]
813	2383	3576	4	[0.01 - 0.01 - 0.02 - 0.96]
814	2547	3575	4	[0.03 - 0.10 - 0.14 - 0.73]
815	2279	3570	4	[0.00 - 0.01 - 0.11 - 0.89]
816	2564	3569	2	[0.27 - 0.46 - 0.08 - 0.19]
817	4726	3568	1	[0.61 - 0.16 - 0.01 - 0.22]
818	2600	3567	1	[0.77 - 0.21 - 0.01 - 0.02]
819	2608	3566	4	[0.01 - 0.02 - 0.03 - 0.94]
820	5571	3564	1	[0.91 - 0.08 - 0.00 - 0.01]
821	1486	3563	4	[0.02 - 0.17 - 0.12 - 0.68]
822	2357	3564	4	[0.08 - 0.10 - 0.14 - 0.68]
823	4609	3598	1	[0.86 - 0.09 - 0.00 - 0.04]
824	2477	3553	1	[0.54 - 0.31 - 0.03 - 0.11]
825	5159	3552	1	[0.90 - 0.09 - 0.00 - 0.01]
826	1565	3524	4	[0.07 - 0.30 - 0.10 - 0.53]
827	3069	3540	4	[0.01 - 0.02 - 0.06 - 0.91]
828	1862	3595	1	[0.55 - 0.34 - 0.03 - 0.07]
829	3410	3546	4	[0.03 - 0.09 - 0.18 - 0.70]
830	5004	3542	1	[0.40 - 0.19 - 0.04 - 0.37]
831	4865	3538	4	[0.09 - 0.13 - 0.25 - 0.53]
832	1512	3543	4	[0.00 - 0.00 - 0.03 - 0.97]
833	2486	3544	1	[0.82 - 0.11 - 0.00 - 0.06]
834	2116	3533	1	[0.83 - 0.16 - 0.00 - 0.01]
835	5420	3532	4	[0.27 - 0.11 - 0.03 - 0.59]
836	4259	3526	4	[0.03 - 0.03 - 0.06 - 0.89]
837	2489	3528	4	[0.14 - 0.10 - 0.04 - 0.72]
838	4074	3523	4	[0.01 - 0.01 - 0.07 - 0.91]
839	2315	3519	1	[0.82 - 0.15 - 0.00 - 0.03]
840	3759	3519	4	[0.00 - 0.01 - 0.27 - 0.72]
841	3763	3518	4	[0.00 - 0.01 - 0.26 - 0.73]
842	3768	3515	4	[0.00 - 0.02 - 0.48 - 0.50]
843	3122	3516	4	[0.00 - 0.01 - 0.20 - 0.78]
844	4834	3505	1	[0.65 - 0.03 - 0.00 - 0.31]
845	3963	3509	4	[0.06 - 0.06 - 0.06 - 0.82]
846	4301	3511	2	[0.31 - 0.34 - 0.14 - 0.21]
847	1914	3510	2	[0.10 - 0.42 - 0.16 - 0.32]
848	2307	3596	1	[0.51 - 0.32 - 0.03 - 0.14]
849	2300	3505	4	[0.07 - 0.09 - 0.18 - 0.66]
850	2303	3498	3	[0.03 - 0.32 - 0.55 - 0.10]
851	4076	3510	4	[0.05 - 0.10 - 0.38 - 0.47]
852	2588	3495	4	[0.00 - 0.02 - 0.36 - 0.62]
853	3888	3499	4	[0.08 - 0.30 - 0.23 - 0.39]
854	3734	3499	4	[0.02 - 0.03 - 0.15 - 0.80]
855	3939	3551	4	[0.06 - 0.18 - 0.18 - 0.58]
856	4597	3492	4	[0.03 - 0.06 - 0.06 - 0.86]
857	3789	3487	4	[0.03 - 0.06 - 0.21 - 0.70]
858	2386	3480	3	[0.01 - 0.08 - 0.47 - 0.43]
859	4415	3486	4	[0.01 - 0.01 - 0.12 - 0.86]
860	3912	3484	2	[0.29 - 0.53 - 0.09 - 0.09]
861	4176	3484	2	[0.37 - 0.53 - 0.04 - 0.06]
862	3767	3484	1	[0.37 - 0.33 - 0.04 - 0.26]
863	3753	3481	4	[0.12 - 0.14 - 0.09 - 0.65]
864	4099	3481	4	[0.22 - 0.13 - 0.06 - 0.59]
865	5327	3475	4	[0.01 - 0.05 - 0.34 - 0.60]
866	2369	3474	4	[0.00 - 0.00 - 0.08 - 0.91]
867	3500	3475	4	[0.00 - 0.00 - 0.02 - 0.97]
868	3219	3467	4	[0.00 - 0.00 - 0.03 - 0.97]
869	5394	3468	2	[0.18 - 0.76 - 0.04 - 0.02]
870	2701	3469	4	[0.01 - 0.01 - 0.03 - 0.94]
871	4449	3463	4	[0.11 - 0.06 - 0.04 - 0.78]
872	1543	3462	4	[0.00 - 0.00 - 0.02 - 0.98]
873	3498	3590	4	[0.01 - 0.03 - 0.08 - 0.88]
874	4420	3457	1	[0.75 - 0.23 - 0.00 - 0.01]
875	1860	3456	3	[0.00 - 0.03 - 0.66 - 0.31]
876	2560	3452	2	[0.09 - 0.57 - 0.21 - 0.13]
877	4462	3451	4	[0.01 - 0.01 - 0.03 - 0.95]
878	4078	3446	4	[0.01 - 0.01 - 0.03 - 0.96]
879	2404	3445	2	[0.40 - 0.43 - 0.04 - 0.13]
880	5268	3442	1	[0.66 - 0.28 - 0.01 - 0.04]
881	3829	3441	4	[0.01 - 0.07 - 0.22 - 0.70]
882	3725	3440	1	[0.68 - 0.22 - 0.02 - 0.08]
883	4196	3440	4	[0.09 - 0.11 - 0.11 - 0.69]
884	5206	3439	1	[0.58 - 0.39 - 0.01 - 0.02]
885	3731	3438	4	[0.02 - 0.04 - 0.11 - 0.83]
886	4024	3431	4	[0.07 - 0.15 - 0.27 - 0.51]
887	2518	3427	1	[0.57 - 0.28 - 0.03 - 0.12]
888	5477	3427	1	[0.80 - 0.19 - 0.00 - 0.01]
889	2393	3411	4	[0.20 - 0.16 - 0.05 - 0.59]
890	2747	3410	1	[0.88 - 0.09 - 0.00 - 0.03]
891	5199	3415	4	[0.09 - 0.23 - 0.17 - 0.52]
892	5916	3402	4	[0.00 - 0.00 - 0.02 - 0.98]
893	4086	3403	4	[0.02 - 0.08 - 0.22 - 0.69]
894	4089	3403	4	[0.01 - 0.03 - 0.22 - 0.75]
895	5759	3401	4	[0.03 - 0.07 - 0.34 - 0.56]
896	2648	3398	4	[0.00 - 0.02 - 0.31 - 0.67]
897	5914	3393	4	[0.14 - 0.25 - 0.18 - 0.42]
898	5635	3397	1	[0.38 - 0.37 - 0.04 - 0.21]
899	4233	3388	3	[0.01 - 0.18 - 0.75 - 0.07]
900	4233	3391	3	[0.01 - 0.12 - 0.81 - 0.06]
901	4724	3388	4	[0.01 - 0.04 - 0.25 - 0.71]
902	3371	3386	4	[0.03 - 0.08 - 0.19 - 0.70]
903	2170	3389	4	[0.00 - 0.01 - 0.21 - 0.78]
904	2170	3384	4	[0.01 - 0.02 - 0.26 - 0.72]
905	2134	3388	4	[0.10 - 0.05 - 0.03 - 0.82]
906	3150	3387	4	[0.01 - 0.01 - 0.03 - 0.96]
907	2163	3385	4	[0.01 - 0.02 - 0.13 - 0.84]
908	3466	3380	2	[0.03 - 0.45 - 0.28 - 0.24]
909	2663	3382	4	[0.03 - 0.09 - 0.07 - 0.81]
910	2288	3380	4	[0.10 - 0.16 - 0.11 - 0.63]
911	3980	3379	4	[0.02 - 0.03 - 0.03 - 0.92]
912	2649	3378	4	[0.00 - 0.01 - 0.10 - 0.88]
913	2223	3377	4	[0.06 - 0.08 - 0.07 - 0.80]
914	4811	3375	1	[0.90 - 0.07 - 0.00 - 0.03]
915	4704	3375	4	[0.01 - 0.05 - 0.28 - 0.66]
916	2293	3372	1	[0.63 - 0.18 - 0.01 - 0.18]
917	2421	3371	4	[0.12 - 0.17 - 0.13 - 0.58]
918	2164	3371	4	[0.01 - 0.02 - 0.20 - 0.77]
919	2166	3365	3	[0.01 - 0.04 - 0.53 - 0.42]
920	2168	3361	4	[0.00 - 0.01 - 0.14 - 0.85]
921	5181	3368	1	[0.82 - 0.16 - 0.00 - 0.01]
922	5577	3363	2	[0.07 - 0.71 - 0.15 - 0.06]
923	5582	3352	4	[0.01 - 0.08 - 0.19 - 0.72]
924	3746	3368	4	[0.00 - 0.01 - 0.11 - 0.87]
925	4526	3360	1	[0.61 - 0.37 - 0.01 - 0.01]
926	3443	3361	1	[0.74 - 0.21 - 0.01 - 0.04]
927	3737	3361	4	[0.01 - 0.03 - 0.17 - 0.79]
928	1795	3360	4	[0.32 - 0.26 - 0.05 - 0.37]
929	5113	3358	4	[0.01 - 0.03 - 0.20 - 0.77]
930	5107	3355	1	[0.52 - 0.42 - 0.04 - 0.02]
931	2246	3359	2	[0.25 - 0.42 - 0.10 - 0.23]
932	2759	3354	1	[0.59 - 0.35 - 0.02 - 0.05]
933	1995	3350	2	[0.33 - 0.60 - 0.04 - 0.03]
934	1623	3344	2	[0.14 - 0.61 - 0.19 - 0.06]
935	2637	3348	1	[0.34 - 0.30 - 0.05 - 0.30]
936	5718	3344	1	[0.85 - 0.13 - 0.00 - 0.02]
937	3985	3345	4	[0.16 - 0.25 - 0.07 - 0.53]
938	5151	3343	4	[0.02 - 0.02 - 0.02 - 0.95]
939	3070	3340	4	[0.00 - 0.02 - 0.42 - 0.55]
940	4591	3338	4	[0.20 - 0.17 - 0.05 - 0.57]
941	3305	3329	4	[0.01 - 0.02 - 0.24 - 0.74]
942	3908	3323	4	[0.00 - 0.01 - 0.06 - 0.93]
943	4071	3329	1	[0.87 - 0.11 - 0.00 - 0.02]
944	2810	3328	4	[0.02 - 0.03 - 0.09 - 0.86]
945	3838	3328	4	[0.30 - 0.18 - 0.04 - 0.47]
946	3612	3326	1	[0.47 - 0.07 - 0.02 - 0.44]
947	2411	3324	1	[0.47 - 0.33 - 0.03 - 0.17]
948	5689	3321	3	[0.00 - 0.02 - 0.76 - 0.22]
949	5693	3324	4	[0.00 - 0.02 - 0.36 - 0.62]
950	5690	3324	3	[0.00 - 0.01 - 0.70 - 0.28]
951	3760	3317	2	[0.25 - 0.55 - 0.10 - 0.11]
952	1800	3322	1	[0.83 - 0.14 - 0.00 - 0.03]
953	4368	3322	4	[0.11 - 0.34 - 0.17 - 0.38]
954	4384	3317	4	[0.02 - 0.05 - 0.09 - 0.84]
955	3495	3317	1	[0.90 - 0.08 - 0.00 - 0.01]
956	3780	3319	4	[0.04 - 0.05 - 0.05 - 0.86]
957	3400	3316	3	[0.02 - 0.13 - 0.52 - 0.33]
958	3394	3313	4	[0.02 - 0.05 - 0.31 - 0.62]
959	3392	3308	4	[0.00 - 0.00 - 0.06 - 0.93]
960	1644	3318	1	[0.89 - 0.10 - 0.00 - 0.01]
961	4738	3315	2	[0.19 - 0.37 - 0.18 - 0.26]
962	2368	3549	1	[0.48 - 0.36 - 0.04 - 0.12]
963	3385	3307	4	[0.00 - 0.01 - 0.04 - 0.95]
964	5032	3306	4	[0.05 - 0.32 - 0.24 - 0.39]
965	5021	3306	4	[0.08 - 0.20 - 0.26 - 0.45]
966	3631	3305	4	[0.01 - 0.03 - 0.15 - 0.81]
967	2416	3303	4	[0.16 - 0.19 - 0.06 - 0.59]
968	3397	3301	4	[0.00 - 0.02 - 0.18 - 0.80]
969	2321	3300	1	[0.63 - 0.22 - 0.01 - 0.14]
970	4370	3297	4	[0.08 - 0.19 - 0.23 - 0.50]
971	1840	3297	4	[0.04 - 0.11 - 0.29 - 0.55]
972	3556	3293	4	[0.22 - 0.11 - 0.04 - 0.63]
973	2967	3293	2	[0.17 - 0.63 - 0.12 - 0.09]
974	3325	3290	4	[0.00 - 0.02 - 0.08 - 0.90]
975	5725	3287	1	[0.58 - 0.40 - 0.01 - 0.01]
976	3313	3287	3	[0.03 - 0.14 - 0.43 - 0.39]
977	3638	3282	4	[0.13 - 0.17 - 0.18 - 0.53]
978	3843	3279	4	[0.04 - 0.06 - 0.04 - 0.86]
979	4594	3278	1	[0.71 - 0.22 - 0.01 - 0.06]
980	4907	3275	4	[0.11 - 0.18 - 0.12 - 0.59]
981	3962	3272	4	[0.21 - 0.33 - 0.09 - 0.37]
982	4704	3268	2	[0.30 - 0.59 - 0.05 - 0.06]
983	3417	3267	3	[0.00 - 0.02 - 0.58 - 0.39]
984	4446	3260	1	[0.83 - 0.12 - 0.00 - 0.05]
985	3148	3261	4	[0.12 - 0.20 - 0.16 - 0.52]
986	2487	3258	4	[0.01 - 0.02 - 0.08 - 0.89]
987	2146	3249	4	[0.00 - 0.04 - 0.36 - 0.60]
988	2154	3249	4	[0.00 - 0.01 - 0.15 - 0.83]
989	2164	3253	3	[0.00 - 0.05 - 0.89 - 0.06]
990	2161	3252	3	[0.00 - 0.03 - 0.90 - 0.06]
991	1776	3255	4	[0.14 - 0.09 - 0.05 - 0.73]
992	3191	3255	4	[0.01 - 0.03 - 0.29 - 0.67]
993	2324	3254	4	[0.28 - 0.16 - 0.07 - 0.49]
994	1789	3249	4	[0.00 - 0.01 - 0.32 - 0.67]
995	3673	3252	2	[0.18 - 0.35 - 0.19 - 0.28]
996	3394	3252	2	[0.29 - 0.32 - 0.11 - 0.27]
997	3249	3242	3	[0.01 - 0.11 - 0.61 - 0.28]
998	3236	3239	4	[0.03 - 0.16 - 0.40 - 0.41]
999	3241	3238	3	[0.01 - 0.10 - 0.69 - 0.21]
1000	2443	3247	1	[0.77 - 0.21 - 0.00 - 0.01]
1001	3291	3245	4	[0.00 - 0.01 - 0.04 - 0.95]
1002	4960	3245	4	[0.22 - 0.19 - 0.14 - 0.45]
1003	2487	3240	1	[0.85 - 0.14 - 0.00 - 0.01]
1004	3013	3241	4	[0.05 - 0.21 - 0.31 - 0.43]
1005	2345	3240	4	[0.08 - 0.13 - 0.17 - 0.62]
1006	3280	3237	3	[0.01 - 0.19 - 0.48 - 0.32]
1007	3268	3238	4	[0.00 - 0.01 - 0.02 - 0.97]
1008	3456	3235	4	[0.20 - 0.19 - 0.12 - 0.49]
1009	1778	3227	2	[0.06 - 0.56 - 0.26 - 0.11]
1010	3716	3226	1	[0.55 - 0.37 - 0.03 - 0.05]
1011	2919	3226	4	[0.31 - 0.18 - 0.06 - 0.46]
1012	2390	3219	4	[0.01 - 0.01 - 0.06 - 0.92]
1013	2832	3222	2	[0.36 - 0.40 - 0.04 - 0.19]
1014	3138	3220	4	[0.08 - 0.17 - 0.12 - 0.62]
1015	5673	3219	1	[0.78 - 0.21 - 0.00 - 0.01]
1016	3794	3218	1	[0.43 - 0.39 - 0.04 - 0.13]
1017	2346	3207	2	[0.08 - 0.80 - 0.11 - 0.01]
1018	2339	3206	4	[0.00 - 0.01 - 0.06 - 0.93]
1019	2343	3201	2	[0.14 - 0.59 - 0.16 - 0.11]
1020	3224	3202	2	[0.27 - 0.40 - 0.13 - 0.20]
1021	3225	3201	4	[0.12 - 0.24 - 0.18 - 0.46]
1022	4245	3195	1	[0.48 - 0.16 - 0.04 - 0.32]
1023	5503	3194	4	[0.05 - 0.14 - 0.10 - 0.71]
1024	2768	3194	1	[0.79 - 0.18 - 0.00 - 0.03]
1025	3926	3193	4	[0.00 - 0.02 - 0.33 - 0.65]
1026	5545	3186	4	[0.01 - 0.04 - 0.31 - 0.65]
1027	5548	3190	4	[0.01 - 0.00 - 0.05 - 0.93]
1028	3916	3191	4	[0.00 - 0.02 - 0.24 - 0.75]
1029	3479	3190	4	[0.01 - 0.02 - 0.02 - 0.95]
1030	5484	3185	2	[0.17 - 0.40 - 0.15 - 0.28]
1031	5702	3183	4	[0.03 - 0.07 - 0.16 - 0.74]
1032	3930	3181	4	[0.00 - 0.00 - 0.01 - 0.98]
1033	3735	3181	1	[0.81 - 0.16 - 0.00 - 0.03]
1034	2576	3178	4	[0.05 - 0.04 - 0.03 - 0.88]
1035	3253	3173	4	[0.00 - 0.01 - 0.10 - 0.89]
1036	3254	3169	1	[0.46 - 0.37 - 0.07 - 0.10]
1037	2407	3170	2	[0.03 - 0.49 - 0.31 - 0.17]
1038	2406	3160	3	[0.01 - 0.28 - 0.66 - 0.06]
1039	2400	3158	4	[0.00 - 0.01 - 0.16 - 0.83]
1040	3654	3171	2	[0.10 - 0.40 - 0.30 - 0.20]
1041	4797	3170	4	[0.01 - 0.01 - 0.05 - 0.92]
1042	4799	3167	4	[0.02 - 0.11 - 0.23 - 0.63]
1043	3902	3168	4	[0.27 - 0.18 - 0.10 - 0.45]
1044	5494	3164	4	[0.00 - 0.03 - 0.29 - 0.67]
1045	2337	3164	4	[0.25 - 0.26 - 0.06 - 0.44]
1046	4037	3163	4	[0.08 - 0.09 - 0.10 - 0.73]
1047	2282	3163	4	[0.04 - 0.15 - 0.16 - 0.65]
1048	4044	3162	4	[0.02 - 0.05 - 0.30 - 0.63]
1049	3983	3161	4	[0.00 - 0.00 - 0.03 - 0.96]
1050	3184	3162	4	[0.04 - 0.07 - 0.06 - 0.83]
1051	2324	3161	4	[0.02 - 0.06 - 0.04 - 0.88]
1052	3389	3153	3	[0.00 - 0.06 - 0.70 - 0.24]
1053	3392	3152	3	[0.00 - 0.02 - 0.81 - 0.17]
1054	3764	3154	3	[0.07 - 0.25 - 0.39 - 0.30]
1055	3768	3155	4	[0.00 - 0.02 - 0.33 - 0.65]
1056	3769	3153	4	[0.04 - 0.07 - 0.18 - 0.72]
1057	3916	3151	4	[0.04 - 0.12 - 0.14 - 0.70]
1058	2411	3145	4	[0.01 - 0.02 - 0.04 - 0.93]
1059	3928	3143	4	[0.03 - 0.08 - 0.28 - 0.60]
1060	3923	3142	4	[0.02 - 0.08 - 0.25 - 0.65]
1061	3205	3145	3	[0.01 - 0.04 - 0.51 - 0.45]
1062	1780	3144	4	[0.01 - 0.02 - 0.46 - 0.51]
1063	5706	3143	1	[0.71 - 0.19 - 0.02 - 0.09]
1064	4757	3135	4	[0.01 - 0.08 - 0.34 - 0.57]
1065	4750	3140	3	[0.01 - 0.08 - 0.55 - 0.36]
1066	4751	3136	3	[0.01 - 0.03 - 0.59 - 0.37]
1067	3289	3140	4	[0.00 - 0.01 - 0.02 - 0.97]
1068	2459	3140	4	[0.27 - 0.16 - 0.04 - 0.53]
1069	5457	3136	3	[0.01 - 0.18 - 0.64 - 0.18]
1070	4805	3136	4	[0.02 - 0.04 - 0.11 - 0.82]
1071	4801	3136	4	[0.02 - 0.06 - 0.10 - 0.82]
1072	3312	3137	4	[0.03 - 0.04 - 0.04 - 0.89]
1073	3930	3133	4	[0.04 - 0.18 - 0.15 - 0.64]
1074	3169	3131	4	[0.02 - 0.04 - 0.07 - 0.87]
1075	3940	3132	4	[0.01 - 0.07 - 0.07 - 0.84]
1076	4008	3128	4	[0.00 - 0.00 - 0.07 - 0.92]
1077	3968	3127	2	[0.07 - 0.65 - 0.21 - 0.06]
1078	2453	3118	1	[0.98 - 0.02 - 0.00 - 0.00]
1079	5529	3119	2	[0.33 - 0.50 - 0.08 - 0.09]
1080	4830	3119	4	[0.04 - 0.13 - 0.35 - 0.49]
1081	3154	3118	3	[0.02 - 0.09 - 0.53 - 0.36]
1082	5050	3118	1	[0.60 - 0.37 - 0.01 - 0.02]
1083	3615	3105	3	[0.01 - 0.04 - 0.62 - 0.34]
1084	3677	3105	1	[0.88 - 0.10 - 0.00 - 0.02]
1085	5482	3100	4	[0.08 - 0.11 - 0.13 - 0.68]
1086	3589	3095	4	[0.09 - 0.14 - 0.08 - 0.69]
1087	3572	3098	4	[0.00 - 0.01 - 0.14 - 0.85]
1088	3307	3098	4	[0.02 - 0.04 - 0.08 - 0.86]
1089	4556	3095	1	[0.69 - 0.27 - 0.01 - 0.04]
1090	4892	3096	4	[0.22 - 0.26 - 0.09 - 0.43]
1091	3173	3095	1	[0.93 - 0.06 - 0.00 - 0.01]
1092	5154	3095	1	[0.90 - 0.05 - 0.00 - 0.05]
1093	3221	3093	1	[0.92 - 0.06 - 0.00 - 0.03]
1094	3197	3094	1	[0.63 - 0.13 - 0.01 - 0.23]
1095	2450	3092	4	[0.01 - 0.02 - 0.06 - 0.92]
1096	4409	3087	4	[0.03 - 0.02 - 0.02 - 0.93]
1097	4651	3085	1	[0.71 - 0.28 - 0.00 - 0.01]
1098	2645	3085	1	[0.64 - 0.34 - 0.00 - 0.01]
1099	4620	3082	4	[0.17 - 0.21 - 0.20 - 0.42]
1100	3189	3082	4	[0.01 - 0.05 - 0.36 - 0.58]
1101	6018	3075	4	[0.03 - 0.25 - 0.13 - 0.59]
1102	5849	3070	4	[0.00 - 0.02 - 0.28 - 0.70]
1103	5876	3040	4	[0.00 - 0.01 - 0.13 - 0.87]
1104	5868	3048	4	[0.00 - 0.05 - 0.34 - 0.60]
1105	5884	3047	3	[0.01 - 0.19 - 0.54 - 0.25]
1106	5879	3044	4	[0.00 - 0.00 - 0.07 - 0.93]
1107	5872	3062	4	[0.04 - 0.25 - 0.31 - 0.41]
1108	5102	3074	1	[0.71 - 0.27 - 0.00 - 0.01]
1109	2874	3068	1	[0.48 - 0.14 - 0.02 - 0.35]
1110	5929	3056	3	[0.06 - 0.23 - 0.56 - 0.15]
1111	4832	3057	3	[0.01 - 0.07 - 0.50 - 0.42]
1112	3265	3058	1	[0.44 - 0.38 - 0.05 - 0.14]
1113	1725	3058	4	[0.07 - 0.26 - 0.19 - 0.48]
1114	5845	3049	4	[0.00 - 0.02 - 0.08 - 0.90]
1115	3716	3054	4	[0.01 - 0.02 - 0.07 - 0.91]
1116	1747	3053	3	[0.05 - 0.15 - 0.54 - 0.26]
1117	4409	3052	1	[0.60 - 0.32 - 0.01 - 0.07]
1118	3559	3053	4	[0.12 - 0.23 - 0.17 - 0.48]
1119	3424	3049	1	[0.54 - 0.38 - 0.01 - 0.06]
1120	2440	3044	4	[0.02 - 0.07 - 0.13 - 0.78]
1121	1774	3042	4	[0.01 - 0.09 - 0.16 - 0.74]
1122	2595	3041	4	[0.03 - 0.02 - 0.03 - 0.92]
1123	5809	3040	4	[0.01 - 0.05 - 0.11 - 0.83]
1124	5960	3039	4	[0.01 - 0.06 - 0.46 - 0.48]
1125	5962	3036	4	[0.00 - 0.03 - 0.43 - 0.54]
1126	2802	3034	1	[0.81 - 0.12 - 0.00 - 0.07]
1127	1761	3043	4	[0.00 - 0.02 - 0.31 - 0.68]
1128	4569	3033	1	[0.63 - 0.33 - 0.01 - 0.04]
1129	5212	3021	2	[0.04 - 0.67 - 0.27 - 0.02]
1130	5204	3023	4	[0.00 - 0.03 - 0.46 - 0.51]
1131	5895	3023	3	[0.00 - 0.03 - 0.53 - 0.44]
1132	5898	3020	4	[0.02 - 0.05 - 0.27 - 0.66]
1133	5094	3019	1	[0.97 - 0.02 - 0.00 - 0.00]
1134	2804	3018	1	[0.76 - 0.21 - 0.01 - 0.03]
1135	5798	3016	4	[0.00 - 0.02 - 0.10 - 0.88]
1136	2481	3015	4	[0.03 - 0.15 - 0.35 - 0.47]
1137	2665	3014	2	[0.41 - 0.44 - 0.05 - 0.09]
1138	3478	3009	1	[0.90 - 0.07 - 0.00 - 0.02]
1139	5817	2998	4	[0.00 - 0.01 - 0.17 - 0.82]
1140	5801	2994	4	[0.01 - 0.02 - 0.22 - 0.75]
1141	1794	3003	4	[0.14 - 0.26 - 0.11 - 0.49]
1142	3496	2998	1	[0.62 - 0.34 - 0.01 - 0.03]
1143	2504	2990	4	[0.00 - 0.01 - 0.07 - 0.93]
1144	2503	2996	4	[0.00 - 0.01 - 0.19 - 0.79]
1145	2500	2996	4	[0.00 - 0.01 - 0.20 - 0.79]
1146	2549	2992	3	[0.01 - 0.16 - 0.75 - 0.07]
1147	2547	2987	4	[0.00 - 0.01 - 0.32 - 0.66]
1148	2514	2989	3	[0.00 - 0.03 - 0.82 - 0.16]
1149	3707	2987	1	[0.43 - 0.35 - 0.03 - 0.19]
1150	2520	2967	4	[0.00 - 0.01 - 0.26 - 0.73]
1151	2531	2985	4	[0.00 - 0.03 - 0.26 - 0.72]
1152	2524	2971	4	[0.00 - 0.01 - 0.27 - 0.73]
1153	2527	2980	4	[0.03 - 0.16 - 0.36 - 0.46]
1154	2529	2976	4	[0.00 - 0.01 - 0.10 - 0.89]
1155	3873	2978	2	[0.03 - 0.56 - 0.40 - 0.02]
1156	3864	2980	4	[0.02 - 0.02 - 0.11 - 0.85]
1157	1682	2967	4	[0.01 - 0.02 - 0.05 - 0.92]
1158	1691	2960	4	[0.00 - 0.00 - 0.02 - 0.98]
1159	2545	2978	4	[0.00 - 0.00 - 0.04 - 0.95]
1160	2427	2972	1	[0.50 - 0.21 - 0.03 - 0.26]
1161	5617	2971	1	[0.53 - 0.22 - 0.02 - 0.24]
1162	4025	2966	3	[0.03 - 0.27 - 0.53 - 0.17]
1163	2827	2970	4	[0.04 - 0.22 - 0.14 - 0.60]
1164	5747	2965	4	[0.00 - 0.02 - 0.36 - 0.61]
1165	4850	2966	3	[0.07 - 0.34 - 0.40 - 0.20]
1166	4892	2965	4	[0.02 - 0.02 - 0.05 - 0.91]
1167	4897	2965	2	[0.07 - 0.34 - 0.31 - 0.27]
1168	2543	2965	2	[0.15 - 0.71 - 0.10 - 0.04]
1169	4038	2966	4	[0.02 - 0.03 - 0.26 - 0.70]
1170	2521	2950	4	[0.01 - 0.05 - 0.43 - 0.51]
1171	1972	2964	4	[0.00 - 0.00 - 0.02 - 0.97]
1172	5688	2956	1	[0.60 - 0.34 - 0.01 - 0.05]
1173	2524	2936	4	[0.00 - 0.00 - 0.03 - 0.97]
1174	5082	2928	4	[0.02 - 0.03 - 0.05 - 0.90]
1175	4029	2927	4	[0.01 - 0.09 - 0.37 - 0.52]
1176	2840	2926	1	[0.52 - 0.43 - 0.01 - 0.03]
1177	4743	2925	2	[0.21 - 0.51 - 0.09 - 0.19]
1178	2554	2923	1	[0.64 - 0.34 - 0.01 - 0.01]
1179	4329	2921	4	[0.02 - 0.07 - 0.31 - 0.60]
1180	3289	2921	1	[0.60 - 0.37 - 0.01 - 0.02]
1181	1827	2908	4	[0.00 - 0.02 - 0.06 - 0.92]
1182	3378	2918	2	[0.09 - 0.33 - 0.28 - 0.30]
1183	4742	2916	2	[0.20 - 0.59 - 0.09 - 0.12]
1184	5221	2914	1	[0.81 - 0.15 - 0.00 - 0.04]
1185	2146	2912	4	[0.08 - 0.18 - 0.17 - 0.57]
1186	3718	2909	4	[0.27 - 0.10 - 0.05 - 0.58]
1187	3714	2906	4	[0.00 - 0.01 - 0.05 - 0.94]
1188	4642	2905	1	[0.73 - 0.25 - 0.00 - 0.02]
1189	4942	2899	1	[0.46 - 0.18 - 0.03 - 0.33]
1190	3282	2890	2	[0.30 - 0.38 - 0.08 - 0.25]
1191	2619	2892	4	[0.03 - 0.03 - 0.03 - 0.92]
1192	4188	2888	1	[0.98 - 0.01 - 0.00 - 0.01]
1193	4080	2887	3	[0.01 - 0.07 - 0.60 - 0.32]
1194	5347	2885	4	[0.00 - 0.00 - 0.01 - 0.98]
1195	5352	2884	4	[0.01 - 0.05 - 0.12 - 0.82]
1196	3496	2885	4	[0.01 - 0.04 - 0.20 - 0.76]
1197	2534	2883	4	[0.03 - 0.07 - 0.08 - 0.82]
1198	5033	2878	4	[0.12 - 0.20 - 0.11 - 0.57]
1199	2714	2875	3	[0.01 - 0.02 - 0.53 - 0.43]
1200	2722	2873	4	[0.00 - 0.02 - 0.17 - 0.81]
1201	2718	2872	3	[0.00 - 0.02 - 0.54 - 0.44]
1202	5350	2874	3	[0.01 - 0.08 - 0.57 - 0.34]
1203	5581	2871	2	[0.18 - 0.45 - 0.22 - 0.14]
1204	5579	2867	3	[0.06 - 0.31 - 0.43 - 0.20]
1205	2695	2867	4	[0.00 - 0.02 - 0.39 - 0.58]
1206	2714	2866	4	[0.01 - 0.07 - 0.31 - 0.61]
1207	2209	2864	1	[0.42 - 0.16 - 0.03 - 0.38]
1208	2746	2860	2	[0.15 - 0.68 - 0.10 - 0.07]
1209	2515	2856	4	[0.00 - 0.01 - 0.17 - 0.82]
1210	2352	2862	2	[0.42 - 0.44 - 0.03 - 0.11]
1211	2727	2859	4	[0.02 - 0.02 - 0.13 - 0.83]
1212	5610	2855	2	[0.14 - 0.35 - 0.17 - 0.34]
1213	3528	2849	4	[0.20 - 0.11 - 0.07 - 0.62]
1214	3257	2843	1	[0.77 - 0.19 - 0.00 - 0.04]
1215	3870	2840	1	[0.94 - 0.04 - 0.00 - 0.01]
1216	4741	2836	2	[0.15 - 0.41 - 0.20 - 0.25]
1217	4062	2838	1	[0.82 - 0.15 - 0.00 - 0.02]
1218	3703	2836	4	[0.12 - 0.18 - 0.09 - 0.62]
1219	4511	2828	1	[0.97 - 0.03 - 0.00 - 0.00]
1220	2885	2828	2	[0.48 - 0.48 - 0.02 - 0.03]
1221	2650	2829	4	[0.01 - 0.01 - 0.12 - 0.86]
1222	2645	2823	3	[0.03 - 0.19 - 0.41 - 0.38]
1223	2648	2821	4	[0.00 - 0.01 - 0.15 - 0.84]
1224	5105	2825	4	[0.00 - 0.00 - 0.02 - 0.97]
1225	2195	2825	2	[0.14 - 0.48 - 0.17 - 0.21]
1226	2203	2820	1	[0.56 - 0.32 - 0.02 - 0.10]
1227	5250	2819	4	[0.03 - 0.03 - 0.07 - 0.87]
1228	3851	2818	1	[0.97 - 0.03 - 0.00 - 0.00]
1229	5438	2816	3	[0.00 - 0.03 - 0.73 - 0.24]
1230	4861	2815	4	[0.41 - 0.12 - 0.02 - 0.45]
1231	2663	2811	4	[0.01 - 0.02 - 0.24 - 0.72]
1232	5094	2808	2	[0.16 - 0.56 - 0.10 - 0.17]
1233	5087	2807	4	[0.01 - 0.05 - 0.26 - 0.68]
1234	1961	2804	1	[0.74 - 0.21 - 0.00 - 0.05]
1235	3504	2801	4	[0.01 - 0.04 - 0.12 - 0.83]
1236	2425	2802	1	[0.74 - 0.13 - 0.01 - 0.12]
1237	5157	2794	1	[0.87 - 0.09 - 0.00 - 0.04]
1238	3051	2794	1	[0.89 - 0.09 - 0.00 - 0.02]
1239	2350	2792	4	[0.11 - 0.11 - 0.05 - 0.73]
1240	2692	2790	4	[0.13 - 0.19 - 0.09 - 0.59]
1241	4795	2784	1	[0.61 - 0.20 - 0.02 - 0.17]
1242	3479	2810	1	[0.95 - 0.04 - 0.00 - 0.01]
1243	2584	2785	1	[0.92 - 0.06 - 0.00 - 0.02]
1244	1817	2781	1	[0.89 - 0.10 - 0.00 - 0.00]
1245	5513	2780	4	[0.09 - 0.17 - 0.23 - 0.51]
1246	2952	2766	3	[0.01 - 0.05 - 0.54 - 0.41]
1247	4439	2765	4	[0.28 - 0.18 - 0.07 - 0.47]
1248	4862	2762	1	[0.75 - 0.14 - 0.01 - 0.10]
1249	3796	2763	1	[0.46 - 0.22 - 0.03 - 0.29]
1250	5454	2754	2	[0.48 - 0.49 - 0.01 - 0.01]
1251	2486	2754	4	[0.06 - 0.18 - 0.29 - 0.47]
1252	4708	2747	1	[0.58 - 0.40 - 0.01 - 0.01]
1253	4888	2744	4	[0.08 - 0.23 - 0.09 - 0.60]
1254	4194	2742	1	[0.74 - 0.12 - 0.01 - 0.13]
1255	3364	2740	4	[0.06 - 0.26 - 0.21 - 0.47]
1256	2181	2730	3	[0.00 - 0.17 - 0.76 - 0.06]
1257	3336	2738	3	[0.02 - 0.15 - 0.67 - 0.16]
1258	4581	2735	1	[0.80 - 0.19 - 0.00 - 0.01]
1259	1766	2733	4	[0.00 - 0.00 - 0.01 - 0.99]
1260	4862	2728	4	[0.00 - 0.00 - 0.01 - 0.98]
1261	3605	2727	1	[0.37 - 0.32 - 0.04 - 0.26]
1262	2707	2722	3	[0.06 - 0.35 - 0.45 - 0.15]
1263	2184	2720	4	[0.01 - 0.01 - 0.06 - 0.93]
1264	4016	2719	4	[0.01 - 0.02 - 0.03 - 0.94]
1265	2726	2710	1	[0.85 - 0.12 - 0.00 - 0.02]
1266	5132	2704	1	[0.68 - 0.26 - 0.01 - 0.05]
1267	4761	2702	1	[0.58 - 0.20 - 0.01 - 0.21]
1268	4158	2701	4	[0.13 - 0.17 - 0.13 - 0.57]
1269	5116	2691	1	[0.62 - 0.26 - 0.02 - 0.11]
1270	4297	2687	1	[0.73 - 0.21 - 0.01 - 0.04]
1271	4408	2679	4	[0.25 - 0.11 - 0.06 - 0.58]
1272	2536	2677	1	[0.76 - 0.21 - 0.00 - 0.02]
1273	3914	2671	1	[0.73 - 0.24 - 0.01 - 0.02]
1274	3644	2668	1	[0.88 - 0.08 - 0.00 - 0.03]
1275	4401	2650	4	[0.00 - 0.03 - 0.46 - 0.51]
1276	4399	2643	4	[0.00 - 0.00 - 0.06 - 0.93]
1277	4414	2645	4	[0.00 - 0.01 - 0.12 - 0.87]
1278	4417	2638	2	[0.04 - 0.60 - 0.32 - 0.04]
1279	4974	2645	1	[0.92 - 0.07 - 0.00 - 0.01]
1280	4386	2645	4	[0.00 - 0.01 - 0.22 - 0.77]
1281	4457	2623	4	[0.00 - 0.04 - 0.45 - 0.51]
1282	4439	2625	4	[0.00 - 0.01 - 0.44 - 0.54]
1283	4441	2630	4	[0.01 - 0.05 - 0.39 - 0.55]
1284	4446	2629	3	[0.01 - 0.11 - 0.65 - 0.23]
1285	2208	2637	2	[0.06 - 0.49 - 0.33 - 0.11]
1286	3700	2637	1	[0.72 - 0.15 - 0.01 - 0.12]
1287	4017	2617	2	[0.42 - 0.45 - 0.06 - 0.07]
1288	4974	2620	4	[0.01 - 0.02 - 0.20 - 0.77]
1289	4973	2617	4	[0.01 - 0.03 - 0.28 - 0.69]
1290	4473	2618	2	[0.24 - 0.45 - 0.08 - 0.23]
1291	4478	2612	4	[0.01 - 0.07 - 0.17 - 0.74]
1292	2112	2619	1	[0.76 - 0.20 - 0.00 - 0.03]
1293	2585	2611	1	[0.81 - 0.12 - 0.00 - 0.06]
1294	3470	2609	1	[0.75 - 0.22 - 0.00 - 0.03]
1295	4139	2607	4	[0.14 - 0.14 - 0.08 - 0.65]
1296	3123	2607	4	[0.06 - 0.08 - 0.20 - 0.67]
1297	2913	2604	1	[0.86 - 0.14 - 0.00 - 0.01]
1298	4095	2599	1	[0.94 - 0.05 - 0.00 - 0.01]
1299	4347	2597	4	[0.06 - 0.21 - 0.20 - 0.53]
1300	3580	2592	3	[0.01 - 0.11 - 0.56 - 0.32]
1301	3578	2587	3	[0.00 - 0.06 - 0.59 - 0.35]
1302	3581	2586	3	[0.00 - 0.02 - 0.60 - 0.38]
1303	3129	2597	4	[0.01 - 0.02 - 0.06 - 0.91]
1304	3156	2593	1	[0.39 - 0.37 - 0.05 - 0.18]
1305	4534	2592	4	[0.30 - 0.15 - 0.05 - 0.50]
1306	4019	2592	4	[0.14 - 0.22 - 0.15 - 0.49]
1307	3590	2590	4	[0.00 - 0.00 - 0.08 - 0.91]
1308	4886	2585	4	[0.02 - 0.04 - 0.20 - 0.74]
1309	6004	2585	1	[0.87 - 0.12 - 0.00 - 0.01]
1310	6205	2582	4	[0.00 - 0.00 - 0.01 - 0.99]
1311	3594	2577	4	[0.00 - 0.04 - 0.29 - 0.67]
1312	2922	2580	1	[0.50 - 0.43 - 0.01 - 0.05]
1313	4799	2579	1	[0.58 - 0.40 - 0.01 - 0.01]
1314	4753	2578	1	[0.58 - 0.18 - 0.01 - 0.23]
1315	4572	2567	4	[0.29 - 0.23 - 0.04 - 0.44]
1316	4397	2563	2	[0.22 - 0.54 - 0.12 - 0.12]
1317	2934	2562	1	[0.73 - 0.23 - 0.00 - 0.04]
1318	3867	2558	2	[0.37 - 0.56 - 0.03 - 0.03]
1319	3163	2556	4	[0.00 - 0.03 - 0.07 - 0.90]
1320	3182	2546	4	[0.10 - 0.19 - 0.08 - 0.64]
1321	5589	2543	1	[0.84 - 0.13 - 0.00 - 0.03]
1322	4831	2538	2	[0.12 - 0.42 - 0.20 - 0.26]
1323	3615	2539	4	[0.01 - 0.06 - 0.23 - 0.70]
1324	3550	2538	4	[0.25 - 0.13 - 0.05 - 0.56]
1325	2776	2537	1	[0.59 - 0.34 - 0.01 - 0.06]
1326	4862	2534	2	[0.22 - 0.46 - 0.09 - 0.24]
1327	3486	2535	4	[0.01 - 0.03 - 0.37 - 0.59]
1328	3386	2532	4	[0.23 - 0.12 - 0.05 - 0.60]
1329	2991	2524	4	[0.00 - 0.01 - 0.09 - 0.90]
1330	2987	2521	3	[0.00 - 0.08 - 0.61 - 0.31]
1331	2996	2530	4	[0.00 - 0.01 - 0.18 - 0.80]
1332	2996	2526	4	[0.00 - 0.02 - 0.18 - 0.79]
1333	4961	2528	1	[0.61 - 0.16 - 0.02 - 0.21]
1334	3832	2528	2	[0.47 - 0.48 - 0.02 - 0.03]
1335	4793	2527	1	[0.66 - 0.32 - 0.00 - 0.01]
1336	3167	2522	2	[0.25 - 0.45 - 0.14 - 0.16]
1337	3494	2526	4	[0.10 - 0.11 - 0.08 - 0.71]
1338	4983	2524	2	[0.33 - 0.47 - 0.09 - 0.10]
1339	3747	2518	4	[0.17 - 0.18 - 0.05 - 0.61]
1340	3229	2514	1	[0.97 - 0.02 - 0.00 - 0.00]
1341	3546	2513	4	[0.11 - 0.36 - 0.17 - 0.37]
1342	3321	2513	4	[0.27 - 0.17 - 0.05 - 0.51]
1343	5784	2511	3	[0.01 - 0.09 - 0.51 - 0.39]
1344	5780	2510	3	[0.01 - 0.30 - 0.58 - 0.12]
1345	4330	2495	4	[0.28 - 0.24 - 0.07 - 0.40]
1346	5788	2494	4	[0.01 - 0.03 - 0.28 - 0.68]
1347	5800	2495	4	[0.01 - 0.02 - 0.21 - 0.76]
1348	2994	2492	3	[0.01 - 0.10 - 0.60 - 0.29]
1349	3232	2492	1	[0.73 - 0.13 - 0.01 - 0.13]
1350	4731	2487	3	[0.00 - 0.07 - 0.61 - 0.32]
1351	3065	2483	1	[0.60 - 0.27 - 0.02 - 0.11]
1352	3228	2481	4	[0.05 - 0.07 - 0.12 - 0.77]
1353	3224	2479	4	[0.01 - 0.05 - 0.37 - 0.57]
1354	2824	2477	1	[0.90 - 0.07 - 0.00 - 0.02]
1355	4739	2476	4	[0.07 - 0.06 - 0.06 - 0.82]
1356	3820	2473	4	[0.05 - 0.16 - 0.12 - 0.67]
1357	4682	2471	4	[0.01 - 0.02 - 0.20 - 0.78]
1358	3224	2469	4	[0.17 - 0.24 - 0.08 - 0.52]
1359	2976	2469	4	[0.07 - 0.19 - 0.16 - 0.58]
1360	4585	2463	1	[0.80 - 0.18 - 0.00 - 0.02]
1361	5740	2451	2	[0.19 - 0.59 - 0.10 - 0.12]
1362	3164	2452	4	[0.11 - 0.34 - 0.18 - 0.37]
1363	3006	2450	4	[0.00 - 0.03 - 0.41 - 0.55]
1364	4722	2445	4	[0.00 - 0.01 - 0.12 - 0.87]
1365	4716	2451	3	[0.00 - 0.03 - 0.49 - 0.47]
1366	4700	2443	4	[0.00 - 0.01 - 0.17 - 0.81]
1367	4704	2431	4	[0.01 - 0.04 - 0.37 - 0.59]
1368	4706	2435	4	[0.00 - 0.01 - 0.27 - 0.72]
1369	3612	2447	1	[0.65 - 0.31 - 0.01 - 0.02]
1370	3097	2448	4	[0.00 - 0.01 - 0.04 - 0.95]
1371	3217	2440	4	[0.11 - 0.09 - 0.04 - 0.76]
1372	3273	2440	2	[0.45 - 0.47 - 0.02 - 0.06]
1373	4746	2429	4	[0.01 - 0.06 - 0.25 - 0.67]
1374	3535	2436	4	[0.00 - 0.02 - 0.23 - 0.74]
1375	4844	2433	4	[0.01 - 0.11 - 0.21 - 0.68]
1376	3537	2411	4	[0.06 - 0.26 - 0.16 - 0.52]
1377	3547	2426	3	[0.00 - 0.08 - 0.64 - 0.28]
1378	3552	2426	2	[0.03 - 0.67 - 0.29 - 0.01]
1379	4916	2431	4	[0.26 - 0.10 - 0.03 - 0.61]
1380	3678	2428	1	[0.38 - 0.36 - 0.10 - 0.17]
1381	3416	2425	1	[0.50 - 0.28 - 0.02 - 0.19]
1382	4834	2416	3	[0.00 - 0.10 - 0.80 - 0.11]
1383	4810	2419	4	[0.00 - 0.00 - 0.02 - 0.98]
1384	3230	2415	1	[0.83 - 0.12 - 0.00 - 0.04]
1385	3704	2415	4	[0.00 - 0.02 - 0.21 - 0.76]
1386	2041	2414	1	[0.78 - 0.11 - 0.01 - 0.10]
1387	3950	2410	1	[0.87 - 0.13 - 0.00 - 0.00]
1388	4836	2426	4	[0.00 - 0.01 - 0.27 - 0.72]
1389	3636	2410	4	[0.01 - 0.05 - 0.37 - 0.58]
1390	1992	2407	1	[0.46 - 0.40 - 0.03 - 0.11]
1391	5822	2398	1	[0.94 - 0.05 - 0.00 - 0.01]
1392	3715	2404	4	[0.00 - 0.01 - 0.11 - 0.87]
1393	4686	2402	4	[0.06 - 0.07 - 0.05 - 0.81]
1394	3419	2399	1	[0.77 - 0.22 - 0.00 - 0.01]
1395	4717	2398	1	[0.61 - 0.20 - 0.01 - 0.17]
1396	6019	2396	4	[0.00 - 0.00 - 0.02 - 0.98]
1397	3697	2393	4	[0.01 - 0.02 - 0.09 - 0.89]
1398	4238	2386	4	[0.00 - 0.06 - 0.40 - 0.54]
1399	4233	2390	4	[0.00 - 0.02 - 0.36 - 0.61]
1400	4226	2386	2	[0.04 - 0.39 - 0.37 - 0.20]
1401	3506	2385	1	[0.98 - 0.02 - 0.00 - 0.01]
1402	1977	2384	1	[0.36 - 0.34 - 0.14 - 0.16]
1403	4554	2381	3	[0.02 - 0.16 - 0.52 - 0.30]
1404	3207	2369	4	[0.27 - 0.29 - 0.06 - 0.38]
1405	3569	2367	1	[0.65 - 0.23 - 0.01 - 0.11]
1406	5854	2356	3	[0.03 - 0.21 - 0.39 - 0.37]
1407	5877	2355	4	[0.01 - 0.01 - 0.09 - 0.90]
1408	5874	2352	3	[0.01 - 0.04 - 0.59 - 0.37]
1409	3550	2355	4	[0.02 - 0.04 - 0.13 - 0.82]
1410	3412	2356	4	[0.05 - 0.08 - 0.16 - 0.72]
1411	3108	2354	1	[0.47 - 0.43 - 0.02 - 0.08]
1412	5883	2354	4	[0.00 - 0.00 - 0.05 - 0.95]
1413	3348	2349	1	[0.51 - 0.43 - 0.01 - 0.04]
1414	3283	2337	3	[0.04 - 0.20 - 0.44 - 0.32]
1415	3242	2339	1	[0.63 - 0.29 - 0.01 - 0.07]
1416	2697	2339	4	[0.30 - 0.31 - 0.04 - 0.35]
1417	4142	2335	1	[0.79 - 0.12 - 0.01 - 0.08]
1418	5809	2315	4	[0.00 - 0.00 - 0.04 - 0.95]
1419	3227	2331	1	[0.61 - 0.11 - 0.01 - 0.27]
1420	4702	2323	1	[0.90 - 0.07 - 0.00 - 0.03]
1421	3655	2320	4	[0.06 - 0.05 - 0.07 - 0.81]
1422	3319	2319	3	[0.03 - 0.36 - 0.50 - 0.11]
1423	3562	2319	4	[0.14 - 0.25 - 0.15 - 0.46]
1424	4936	2317	4	[0.00 - 0.03 - 0.38 - 0.59]
1425	3604	2313	4	[0.01 - 0.06 - 0.37 - 0.56]
1426	3235	2311	1	[0.90 - 0.08 - 0.00 - 0.02]
1427	3566	2306	4	[0.05 - 0.03 - 0.03 - 0.90]
1428	2517	2305	1	[0.90 - 0.09 - 0.00 - 0.00]
1429	3416	2301	4	[0.32 - 0.17 - 0.06 - 0.45]
1430	2894	2299	1	[0.55 - 0.39 - 0.02 - 0.04]
1431	3185	2288	1	[0.96 - 0.04 - 0.00 - 0.00]
1432	5759	2289	4	[0.00 - 0.00 - 0.02 - 0.98]
1433	3569	2287	4	[0.00 - 0.01 - 0.10 - 0.89]
1434	5752	2282	4	[0.00 - 0.02 - 0.37 - 0.61]
1435	5272	2281	4	[0.09 - 0.28 - 0.08 - 0.55]
1436	5193	2281	4	[0.00 - 0.02 - 0.08 - 0.90]
1437	3618	2270	1	[0.93 - 0.07 - 0.00 - 0.00]
1438	2259	2258	1	[0.87 - 0.08 - 0.00 - 0.04]
1439	4968	2254	1	[0.46 - 0.22 - 0.04 - 0.29]
1440	3361	2241	1	[0.71 - 0.13 - 0.01 - 0.15]
1441	3019	2241	1	[0.61 - 0.31 - 0.01 - 0.07]
1442	3761	2233	4	[0.02 - 0.03 - 0.21 - 0.75]
1443	3216	2229	1	[0.63 - 0.29 - 0.01 - 0.07]
1444	5206	2219	1	[0.71 - 0.24 - 0.01 - 0.04]
1445	5246	2213	4	[0.00 - 0.01 - 0.32 - 0.66]
1446	5249	2219	3	[0.02 - 0.26 - 0.53 - 0.19]
1447	3029	2219	3	[0.02 - 0.11 - 0.54 - 0.33]
1448	3372	2219	3	[0.05 - 0.26 - 0.46 - 0.23]
1449	5245	2218	4	[0.00 - 0.01 - 0.20 - 0.79]
1450	3769	2211	4	[0.01 - 0.06 - 0.29 - 0.64]
1451	3603	2207	1	[0.83 - 0.15 - 0.00 - 0.02]
1452	3770	2199	4	[0.26 - 0.22 - 0.04 - 0.48]
1453	3002	2198	4	[0.21 - 0.26 - 0.08 - 0.44]
1454	3623	2180	1	[0.71 - 0.07 - 0.01 - 0.21]
1455	5273	2178	4	[0.03 - 0.21 - 0.37 - 0.39]
1456	3697	2164	4	[0.10 - 0.16 - 0.12 - 0.62]
1457	3585	2159	4	[0.02 - 0.14 - 0.33 - 0.51]
1458	3960	2130	2	[0.07 - 0.37 - 0.29 - 0.26]
1459	5309	2119	4	[0.00 - 0.01 - 0.03 - 0.97]
1460	2243	2113	3	[0.01 - 0.08 - 0.52 - 0.39]
1461	2126	2046	1	[0.89 - 0.08 - 0.00 - 0.03]
1462	3177	2033	1	[0.85 - 0.14 - 0.00 - 0.01]
1463	3437	2015	4	[0.03 - 0.03 - 0.04 - 0.91]
1464	3272	2004	4	[0.00 - 0.01 - 0.04 - 0.95]
1465	3424	2000	3	[0.01 - 0.05 - 0.51 - 0.44]
1466	3317	2000	4	[0.28 - 0.26 - 0.06 - 0.39]
1467	2438	1994	1	[0.75 - 0.24 - 0.00 - 0.01]
1468	3429	1987	4	[0.00 - 0.01 - 0.26 - 0.73]
1469	4272	1988	1	[0.43 - 0.40 - 0.05 - 0.12]
1470	3451	1988	4	[0.01 - 0.03 - 0.27 - 0.70]
1471	3405	1986	4	[0.01 - 0.02 - 0.27 - 0.71]
1472	2944	1965	4	[0.04 - 0.28 - 0.30 - 0.38]
1473	2946	1961	1	[0.37 - 0.30 - 0.06 - 0.27]
1474	3400	1954	1	[0.72 - 0.20 - 0.01 - 0.08]
1475	3091	1938	4	[0.13 - 0.29 - 0.26 - 0.33]
1476	3377	1928	4	[0.06 - 0.26 - 0.31 - 0.37]
1477	3423	1921	3	[0.00 - 0.06 - 0.67 - 0.27]
1478	3434	1920	2	[0.03 - 0.59 - 0.32 - 0.06]
1479	3430	1920	3	[0.00 - 0.12 - 0.72 - 0.16]
1480	3749	1911	4	[0.29 - 0.07 - 0.02 - 0.62]
1481	3449	1911	1	[0.42 - 0.40 - 0.06 - 0.12]
1482	2164	1907	1	[0.88 - 0.11 - 0.00 - 0.01]
1483	4327	1901	3	[0.02 - 0.14 - 0.52 - 0.32]
1484	3194	1894	1	[0.96 - 0.04 - 0.00 - 0.01]
1485	4350	1886	1	[0.65 - 0.15 - 0.01 - 0.19]
1486	3878	1855	3	[0.01 - 0.18 - 0.70 - 0.11]
1487	3362	1846	4	[0.01 - 0.03 - 0.35 - 0.60]
1488	3701	1847	1	[0.56 - 0.10 - 0.01 - 0.34]
1489	3234	1840	1	[0.53 - 0.25 - 0.03 - 0.19]
1490	3707	1831	3	[0.07 - 0.41 - 0.43 - 0.09]
1491	3224	1830	3	[0.03 - 0.14 - 0.53 - 0.30]
1492	3385	1820	2	[0.27 - 0.52 - 0.06 - 0.15]
1493	3837	1821	1	[0.95 - 0.04 - 0.00 - 0.01]
1494	3643	1805	4	[0.08 - 0.18 - 0.10 - 0.64]
1495	4065	1791	4	[0.02 - 0.02 - 0.24 - 0.72]
1496	4004	1791	3	[0.00 - 0.04 - 0.78 - 0.18]
1497	4002	1788	3	[0.00 - 0.03 - 0.87 - 0.10]
1498	3947	1786	3	[0.01 - 0.12 - 0.58 - 0.29]
1499	3944	1780	3	[0.03 - 0.16 - 0.53 - 0.28]
1500	3967	1770	4	[0.04 - 0.30 - 0.28 - 0.39]
1501	3222	1760	3	[0.02 - 0.20 - 0.42 - 0.36]
1502	4382	1759	3	[0.00 - 0.13 - 0.68 - 0.18]
1503	3643	1755	1	[0.97 - 0.02 - 0.00 - 0.00]
1504	3705	1744	3	[0.06 - 0.19 - 0.51 - 0.24]
1505	3235	1736	4	[0.01 - 0.02 - 0.06 - 0.91]
1506	3333	1693	4	[0.01 - 0.03 - 0.09 - 0.87]
1507	3326	1685	2	[0.24 - 0.54 - 0.19 - 0.04]
1508	3928	1693	1	[0.62 - 0.14 - 0.02 - 0.22]
1509	3300	1676	4	[0.08 - 0.19 - 0.11 - 0.62]
1510	3268	1695	4	[0.24 - 0.22 - 0.05 - 0.50]
1511	3271	1651	1	[0.89 - 0.06 - 0.00 - 0.05]
1512	4164	1646	4	[0.00 - 0.01 - 0.09 - 0.91]
1513	2578	1623	1	[0.37 - 0.26 - 0.03 - 0.33]
1514	4006	1590	4	[0.00 - 0.00 - 0.01 - 0.99]
1515	3598	1589	1	[0.45 - 0.18 - 0.03 - 0.34]
1516	2176	1549	4	[0.00 - 0.00 - 0.02 - 0.97]
1517	3411	1493	1	[0.71 - 0.15 - 0.01 - 0.13]
1518	3525	1376	4	[0.00 - 0.01 - 0.09 - 0.90]
1519	3521	1377	4	[0.01 - 0.07 - 0.35 - 0.57]
1520	3446	1351	4	[0.00 - 0.00 - 0.03 - 0.97]
1521	3443	1352	4	[0.00 - 0.00 - 0.05 - 0.95]
1522	2435	1327	4	[0.13 - 0.23 - 0.16 - 0.47]
1523	3271	1279	4	[0.00 - 0.00 - 0.04 - 0.96]
1524	2541	1254	3	[0.01 - 0.10 - 0.62 - 0.27]
1525	2582	1203	4	[0.00 - 0.04 - 0.25 - 0.71]
1526	2610	1023	4	[0.00 - 0.01 - 0.04 - 0.95]
1527	2546	969	4	[0.19 - 0.19 - 0.04 - 0.57]
