    1   3839.345   3883.250   16.94566   1.06732   23.384    0.321   23.525    0.277   23.376    0.161   22.516   0.124   21.542    0.123   2.09   9.000e+07   5.000e+09   6.000e+06   4.992e+04   1.654e+05   8.701e+03   0.58   0.97    0.0    0.35363   -0.25237   -0.06876    0.17613   -0.04967    1.34004    0.2593   5   2.0     2.0   1  
    2   3749.576   5774.245   16.94665   1.08813   22.843    0.309   23.686    0.570   25.322    0.648   21.701   0.117   23.726    0.301   1.28   0.000e+00   0.000e+00   0.000e+00   0.000e+00   0.000e+00   0.000e+00    0.0    0.0    0.0        0.0        0.0        0.0        0.0        0.0        0.0       0.0   0   0.0     0.0   0  
    3   3505.434   5549.476   16.94934   1.08566   20.133    0.110   20.591    0.124   21.687    0.140   20.924   0.117   20.437    0.118   1.86   1.000e+07   2.000e+07   9.000e+06   1.344e+04   2.802e+04   9.790e+03    0.2   0.26   0.15    0.14629   -0.07291   -0.27331    0.24379    0.04459    3.48848     0.015   5   4.0     4.0   0  
    4   3543.000   5434.137   16.94892   1.08439   22.525    0.178   22.372    0.156   24.043    0.195   23.585   0.141   21.946    0.128   1.92   1.000e+07   2.000e+07   1.000e+07   2.533e+03   8.032e+03   1.680e+03   0.31   0.48    0.2    0.26711    0.51961   -0.35559   -0.24059    0.55431    9.52689       0.0   5   4.0     4.0   0  
    5   2961.578   5248.825   16.95532   1.08235   23.289    0.378   23.463    0.321   23.808    0.181   23.333   0.133   22.848    0.153   2.05   8.000e+07   2.000e+08   4.000e+06   8.036e+03   1.091e+04   1.241e+03   0.23   0.69    0.0      200.0   -0.10639   -0.05939    0.12271   -0.05819    0.57433   0.56308   4   4.0     4.0   0  
    6   1991.154   4745.384   16.96601   1.07681   99.999   99.999   23.931    0.390   24.101    0.151   22.539   0.117   23.644    0.122   1.50   0.000e+00   0.000e+00   0.000e+00   0.000e+00   0.000e+00   0.000e+00    0.0    0.0    0.0        0.0        0.0        0.0        0.0        0.0        0.0       0.0   0   0.0     0.0   0  
    7   2004.500   4725.149   16.96586   1.07659   22.753    0.209   99.999   99.999   24.898    0.514   24.258   0.162   22.821    0.133   1.28   0.000e+00   0.000e+00   0.000e+00   0.000e+00   0.000e+00   0.000e+00    0.0    0.0    0.0        0.0        0.0        0.0        0.0        0.0        0.0       0.0   0   0.0     0.0   0  
    8   1392.960   4354.559   16.97259   1.07251   20.277    0.111   21.221    0.151   22.867    0.156   22.651   0.119   22.136    0.132   1.95   1.500e+07   1.500e+07   1.500e+07   3.750e+03   4.024e+03   3.750e+03    0.0   0.02    0.0    0.51738    0.07988   -0.35072   -0.11202    0.20438    8.00793     2e-05   5   4.0     4.0   0  
    9   2053.041   4259.754   16.96532   1.07146   23.128    0.330   22.814    0.184   24.012    0.203   23.054   0.125   22.283    0.127   1.90   3.000e+06   5.000e+06   3.000e+06   5.192e+03   8.317e+03   3.744e+03   0.71   0.81   0.61    0.20366    0.16506   -0.09764   -0.10984    0.10426    0.91004   0.43513   5   4.0     4.0   0  
   10   1646.000   4238.000   16.96980   1.07122   23.296    0.379   26.306    3.642   24.087    0.210   22.438   0.123   20.738    0.121   1.82   0.000e+00   0.000e+00   0.000e+00   0.000e+00   0.000e+00   0.000e+00    0.0    0.0    0.0        0.0        0.0        0.0        0.0        0.0        0.0       0.0   0   0.0     0.0   0  
   11   2511.000   4163.479   16.96028   1.07040   22.447    0.169   22.602    0.175   23.540    0.176   22.818   0.120   22.514    0.129   1.63   4.000e+06   4.000e+06   3.000e+06   2.972e+03   3.809e+03   2.301e+03   0.47   0.56    0.4    0.12151   -0.07619   -0.02259   -0.03889    0.04931    0.31046   0.81785   5   4.0     4.0   0  
   12   3899.591   4135.509   16.94500   1.07010   22.474    0.163   22.934    0.243   23.935    0.199   23.083   0.135   22.338    0.136   1.94   1.000e+07   3.000e+07   9.000e+06   2.863e+03   8.491e+03   1.954e+03   0.32   0.47    0.2    0.24885   -0.12415   -0.33845    0.16155    0.04825    2.49779   0.05773   5   4.0     4.0   0  
   13   2414.351   4121.000   16.96135   1.06994   24.703    1.259   99.999   99.999   22.624    0.151   21.239   0.117   25.577    0.991   1.37   0.000e+00   0.000e+00   0.000e+00   0.000e+00   0.000e+00   0.000e+00    0.0    0.0    0.0        0.0        0.0        0.0        0.0        0.0        0.0       0.0   0   0.0     0.0   0  
   14   3891.254   4113.000   16.94509   1.06985   22.832    0.276   22.656    0.203   23.760    0.184   23.413   0.129   22.323    0.128   1.80   1.000e+07   3.000e+07   9.000e+06   2.958e+03   1.004e+04   2.112e+03   0.35   0.55   0.22     0.0459     0.2715    -0.0731    -0.1048      0.084    0.90725   0.43654   5   4.0     4.0   0  
   15   4958.942   4038.843   16.93334   1.06903   20.845    0.117   21.873    0.147   23.101    0.171   21.655   0.117   25.416    0.845   1.37   0.000e+00   0.000e+00   0.000e+00   0.000e+00   0.000e+00   0.000e+00    0.0    0.0    0.0        0.0        0.0        0.0        0.0        0.0        0.0       0.0   0   0.0     0.0   0  
   16   4987.910   4004.704   16.93302   1.06866   23.200    0.403   25.866    4.371   25.005    0.428   21.744   0.118   21.834    0.124   1.36   0.000e+00   0.000e+00   0.000e+00   0.000e+00   0.000e+00   0.000e+00    0.0    0.0    0.0        0.0        0.0        0.0        0.0        0.0        0.0       0.0   0   0.0     0.0   0  
   17   2101.000   3956.000   16.96480   1.06812   22.361    0.171   23.642    0.330   25.035    0.447   23.640   0.128   23.161    0.140   1.48   0.000e+00   0.000e+00   0.000e+00   0.000e+00   0.000e+00   0.000e+00    0.0    0.0    0.0        0.0        0.0        0.0        0.0        0.0        0.0       0.0   0   0.0     0.0   0  
   18   1482.000   3889.000   16.97161   1.06738   99.999   99.999   23.608    0.471   23.916    0.185   22.660   0.124   20.642    0.119   1.66   0.000e+00   0.000e+00   0.000e+00   0.000e+00   0.000e+00   0.000e+00    0.0    0.0    0.0        0.0        0.0        0.0        0.0        0.0        0.0       0.0   0   0.0     0.0   0  
   19   3874.956   3869.000   16.94527   1.06716   24.527    0.950   22.683    0.185   23.200    0.151   22.441   0.119   21.552    0.123   1.96   5.000e+06   7.000e+07   4.000e+06   1.813e+04   3.909e+04   6.678e+03   0.85   0.93   0.37      200.0   -0.06512    0.02178    0.04929   -0.03041     0.1894   0.82746   4   1.0     1.0   0  
   20   1037.000   3863.215   16.97651   1.06710   23.345    0.319   24.133    0.487   25.226    0.370   22.676   0.120   21.005    0.119   1.74   0.000e+00   0.000e+00   0.000e+00   0.000e+00   0.000e+00   0.000e+00    0.0    0.0    0.0        0.0        0.0        0.0        0.0        0.0        0.0       0.0   0   0.0     0.0   0  
   21    975.000   3828.600   16.97719   1.06672   24.238    0.793   24.491    0.882   24.084    0.244   21.736   0.132   19.527    0.136   1.90   0.000e+00   0.000e+00   0.000e+00   0.000e+00   0.000e+00   0.000e+00    0.0    0.0    0.0        0.0        0.0        0.0        0.0        0.0        0.0       0.0   0   0.0     0.0   0  
   22   3502.570   3830.927   16.94937   1.06674   22.575    0.173   23.061    0.250   24.614    0.297   22.980   0.130   21.864    0.155   1.76   3.000e+06   3.000e+06   2.000e+06   7.316e+03   1.274e+04   3.588e+03   0.82    1.0   0.59    1.07195    0.10565   -0.61005   -0.04325    0.35225      9.048     1e-05   5   4.0     4.0   0  
   23   3512.534   3813.000   16.94926   1.06655   99.999   99.999   99.999   99.999   23.712    0.196   22.801   0.127   21.116    0.120   1.49   0.000e+00   0.000e+00   0.000e+00   0.000e+00   0.000e+00   0.000e+00    0.0    0.0    0.0        0.0        0.0        0.0        0.0        0.0        0.0       0.0   0   0.0     0.0   0  
   24   2867.708   3814.000   16.95636   1.06656   22.934    0.248   23.338    0.286   24.769    0.295   23.605   0.129   22.873    0.141   1.59   3.000e+06   1.000e+07   3.000e+06   2.634e+03   3.910e+03   1.684e+03   0.66    0.8   0.36    0.82098    0.12328   -0.32792   -0.09032    0.15918    2.95997   0.03093   5   0.0     0.0   0  
   25   4214.431   3794.699   16.94153   1.06635   23.028    0.223   23.738    0.374   23.213    0.150   22.556   0.121   22.101    0.123   2.03   4.000e+06   1.000e+08   3.000e+06   6.415e+03   2.133e+04   3.537e+03   0.65   0.73   0.23   -0.16184      200.0    0.22526   -0.00954   -0.03754    1.27714   0.27883   4   2.0    1.75   0  
   26   3535.000   3779.000   16.94901   1.06617   23.274    0.405   22.829    0.219   24.013    0.179   23.187   0.161   22.737    0.240   1.96   3.000e+06   5.000e+06   2.000e+06   2.726e+03   4.631e+03   1.497e+03   0.56   0.71   0.38      200.0    0.08552   -0.02968   -0.04328    0.07352     0.1661   0.84697   4   4.0     4.0   0  
   27   4054.452   3777.000   16.94329   1.06615   23.017    0.309   23.438    0.289   24.602    0.270   23.631   0.139   23.451    0.186   1.27   3.000e+06   4.000e+06   1.000e+06   1.266e+03   1.821e+03   7.967e+02   0.47   0.59   0.31    0.33692   -0.14988   -0.16518    0.04372    0.02522    0.57916   0.62863   5   0.0     0.0   0  
   28   2475.000   3768.622   16.96068   1.06606   99.999   99.999   99.999   99.999   25.133    0.467   23.659   0.130   20.923    0.119   1.60   0.000e+00   0.000e+00   0.000e+00   0.000e+00   0.000e+00   0.000e+00    0.0    0.0    0.0        0.0        0.0        0.0        0.0        0.0        0.0       0.0   0   0.0     0.0   0  
   29   3154.000   3766.000   16.95321   1.06603   23.384    0.328   24.997    1.166   25.111    0.420   23.645   0.133   21.212    0.121   1.86   0.000e+00   0.000e+00   0.000e+00   0.000e+00   0.000e+00   0.000e+00    0.0    0.0    0.0        0.0        0.0        0.0        0.0        0.0        0.0       0.0   0   0.0     0.0   0  
   30   4095.000   3760.932   16.94285   1.06597   22.584    0.206   22.616    0.207   23.105    0.153   22.637   0.120   22.380    0.134   1.63   8.000e+07   1.000e+08   4.000e+06   1.114e+04   1.349e+04   1.950e+03   0.15   0.57   0.04    -0.0683    -0.0217    -0.0464     0.1982    -0.0956    1.01981   0.38255   5   1.0     1.5   0  
   31   4115.000   3734.837   16.94263   1.06569   21.432    0.121   21.947    0.143   23.369    0.160   22.470   0.119   21.510    0.121   1.41   1.000e+07   1.100e+07   1.000e+07   4.273e+03   5.906e+03   3.125e+03   0.25   0.34   0.17    0.41019    0.07039   -0.50141    0.10769    0.30959    9.91923       0.0   5   4.0     4.0   0  
   32   4027.000   3739.000   16.94360   1.06573   22.965    0.303   23.510    0.473   23.675    0.178   23.201   0.136   23.462    0.233   1.50   4.000e+06   4.000e+06   1.000e+06   1.291e+03   1.705e+03   9.354e+02   0.35   0.44   0.26   -0.25096      200.0    0.24254    0.07934   -0.21866    1.87822   0.15286   4   4.0     4.0   0  
   33   4027.000   3727.654   16.94360   1.06561   21.157    0.121   21.877    0.153   23.092    0.162   22.791   0.150   22.997    0.216   1.72   4.000e+06   5.000e+06   3.000e+06   8.070e+02   1.395e+03   6.764e+02   0.04   0.13    0.0    0.08817   -0.13253    0.02837   -0.05133    0.16977    0.67352   0.56815   5   4.0     4.0   0  
   34   4013.364   3724.000   16.94375   1.06557   21.295    0.130   21.760    0.153   23.827    0.329   22.445   0.154   22.662    0.221   1.45   1.000e+06   2.000e+06   1.000e+06   1.143e+03   1.665e+03   7.782e+02   0.08   0.19    0.0       0.09     0.0414    -0.5643     0.0046     0.4381    2.74415   0.04144   5   4.0     4.0   0  
   35   4019.000   3720.304   16.94368   1.06553   21.407    0.158   22.445    0.217   23.238    0.177   22.823   0.146   23.125    0.240   1.57   4.000e+06   1.200e+07   1.000e+06   9.660e+02   1.520e+03   6.344e+02   0.14   0.23    0.0    0.28405   -0.38445    0.10925    0.06145    0.03655    2.51858   0.05614   5   4.0     4.0   0  
   36   4035.207   3714.099   16.94351   1.06546   21.714    0.156   22.050    0.151   23.214    0.158   22.855   0.136   22.301    0.139   1.49   1.000e+07   3.000e+07   9.000e+06   2.144e+03   6.653e+03   1.448e+03   0.12   0.28    0.0     0.0462      0.052    -0.1438     0.0392     0.0223    0.41648   0.74117   5   3.0     2.5   0  
   37   4069.000   3707.766   16.94313   1.06539   22.443    0.166   22.446    0.174   23.816    0.183   23.059   0.122   22.595    0.137   1.62   3.000e+06   5.000e+06   3.000e+06   2.332e+03   3.470e+03   1.796e+03   0.45   0.53   0.38    0.12134    0.07694   -0.12656   -0.11456    0.18084    1.21921   0.30089   5   4.0     4.0   0  
   38    784.000   3698.000   16.97929   1.06528   24.566    0.918   23.830    0.401   24.391    0.231   23.477   0.130   22.578    0.135   1.91   0.000e+00   0.000e+00   0.000e+00   0.000e+00   0.000e+00   0.000e+00    0.0    0.0    0.0        0.0        0.0        0.0        0.0        0.0        0.0       0.0   0   0.0     0.0   0  
   39   4028.875   3683.171   16.94358   1.06512   24.107    0.570   99.999   99.999   27.582    3.219   22.751   0.126   21.180    0.120   1.48   0.000e+00   0.000e+00   0.000e+00   0.000e+00   0.000e+00   0.000e+00    0.0    0.0    0.0        0.0        0.0        0.0        0.0        0.0        0.0       0.0   0   0.0     0.0   0  
   40   4177.113   3680.000   16.94194   1.06508   21.784    0.136   22.374    0.156   24.746    0.242   23.330   0.127   23.461    0.188   1.46   1.000e+06   2.000e+06   1.000e+06   3.824e+02   5.024e+02   3.466e+02    0.0   0.08    0.0    0.27668    0.20698   -0.63342    0.03458    0.67698    8.18792     2e-05   5   0.0     0.0   0  
   41   4044.000   3673.708   16.94341   1.06501   22.689    0.218   23.583    0.362   24.118    0.276   23.352   0.133   22.475    0.137   1.36   1.000e+07   4.000e+07   9.000e+06   2.572e+03   8.439e+03   1.730e+03   0.33   0.52   0.18    0.21367      200.0   -0.36313    0.04198    0.04637    1.71909   0.17923   4   0.0     0.0   0  
   42   3934.000   3664.458   16.94462   1.06491   21.374    0.136   22.079    0.148   23.679    0.220   23.001   0.142   22.676    0.163   1.33   1.000e+07   2.000e+07   3.000e+06   1.191e+03   3.076e+03   7.692e+02    0.0   0.22    0.0    0.25317    0.04747   -0.47563    0.13007    0.05807    3.69347    0.0113   5   4.0     4.0   0  
   43   3936.000   3654.940   16.94460   1.06481   20.820    0.115   21.952    0.166   23.033    0.179   22.609   0.155   21.845    0.142   1.65   1.000e+07   1.100e+07   1.000e+07   2.071e+03   2.930e+03   1.831e+03   0.03   0.12    0.0    0.39922   -0.27318   -0.30448    0.02142    0.34482    6.71342   0.00016   5   3.0     3.5   0  
   44   3936.000   3650.000   16.94460   1.06475   20.425    0.112   21.156    0.131   22.570    0.149   22.224   0.127   21.571    0.124   1.32   1.000e+07   1.100e+07   1.000e+07   2.863e+03   3.574e+03   2.863e+03    0.0   0.05    0.0    0.24972    0.01802   -0.31908   -0.04538    0.21062    4.23303   0.00533   5   4.0    3.75   0  
   45   3938.000   3646.719   16.94458   1.06472   20.510    0.112   21.383    0.137   22.718    0.147   22.153   0.127   21.841    0.133   1.76   1.000e+07   1.100e+07   1.000e+07   2.519e+03   3.271e+03   2.519e+03    0.0   0.04    0.0    0.30354   -0.07016   -0.32826    0.16444    0.07944    4.81425   0.00236   5   4.0     4.0   0  
   46   3983.881   3654.000   16.94407   1.06480   21.629    0.135   22.000    0.151   23.186    0.167   23.032   0.146   23.390    0.246   1.45   5.000e+06   6.000e+06   3.000e+06   1.058e+03   1.408e+03   5.451e+02   0.12   0.19    0.0   -0.03414   -0.02144    0.05346    0.11146   -0.16124    0.40326   0.75066   5   4.0   3.333   0  
   47   3887.243   3653.211   16.94513   1.06479   22.489    0.181   23.743    0.448   24.439    0.362   23.815   0.172   23.234    0.198   1.28   0.000e+00   0.000e+00   0.000e+00   0.000e+00   0.000e+00   0.000e+00    0.0    0.0    0.0        0.0        0.0        0.0        0.0        0.0        0.0       0.0   0   0.0     0.0   0  
   48   3998.797   3643.000   16.94391   1.06468   21.388    0.160   21.954    0.192   23.053    0.164   23.192   0.186   22.857    0.197   1.38   1.500e+07   1.500e+07   6.000e+06   2.263e+03   3.072e+03   7.856e+02   0.01   0.09    0.0    0.01932   -0.05348    0.05392   -0.07078    0.05092    0.13903   0.93669   5   4.0     4.0   0  
   49   4001.506   3638.000   16.94388   1.06462   20.813    0.137   21.538    0.158   23.029    0.178   22.653   0.156   22.678    0.172   1.33   3.000e+06   1.500e+07   3.000e+06   9.731e+02   3.074e+03   7.879e+02   0.05   0.14    0.0    0.15094   -0.10896   -0.07886   -0.11166    0.29654     1.5465   0.20018   5   4.0     4.0   0  
   50   4034.000   3638.689   16.94352   1.06463   20.976    0.121   21.513    0.139   23.259    0.187   22.864   0.146   22.879    0.174   1.43   3.000e+06   5.000e+06   3.000e+06   7.197e+02   1.091e+03   6.896e+02   0.01   0.08    0.0    0.05812    0.03892   -0.15059   -0.13138    0.34722    1.62403   0.18141   5   4.0     4.0   0  
   51   3929.000   3642.878   16.94467   1.06467   21.769    0.156   22.549    0.207   23.332    0.193   23.253   0.171   23.581    0.189   1.34   6.000e+06   1.300e+07   4.000e+06   5.955e+02   1.179e+03   4.536e+02   0.04   0.17    0.0    0.10298   -0.24972    0.06598    0.18978   -0.06652    1.17158   0.31885   5   0.0     0.0   0  
   52   3920.000   3643.000   16.94477   1.06468   25.217    1.893   23.073    0.244   25.274    0.564   23.542   0.147   22.744    0.143   1.47   0.000e+00   0.000e+00   0.000e+00   0.000e+00   0.000e+00   0.000e+00    0.0    0.0    0.0        0.0        0.0        0.0        0.0        0.0        0.0       0.0   0   0.0     0.0   0  
   53   4060.576   3637.646   16.94323   1.06462   21.111    0.122   21.691    0.138   23.148    0.164   22.242   0.120   22.480    0.132   1.39   2.000e+06   3.000e+06   1.000e+06   1.857e+03   2.410e+03   1.457e+03   0.17   0.25   0.09    0.17514   -0.10186   -0.16246   -0.04446    0.17114    1.69328   0.16604   5   1.0    1.25   0  
   54   3977.000   3630.000   16.94415   1.06453   21.678    0.162   22.397    0.191   23.271    0.181   22.924   0.175   22.666    0.160   1.74   9.000e+06   4.000e+07   8.000e+06   1.201e+03   4.208e+03   8.553e+02   0.05    0.2    0.0    0.13656   -0.16714   -0.07604    0.14506    0.00426    0.77146   0.50977   5   4.0   3.667   0  
   55   4215.273   3634.000   16.94152   1.06458   24.304    0.915   23.262    0.273   23.566    0.167   22.931   0.129   21.997    0.122   1.91   7.000e+06   1.000e+09   5.000e+06   5.422e+03   5.349e+04   4.020e+03   0.64   0.93   0.03      200.0   -0.02615   -0.03805    0.04685   -0.01225    0.09985   0.90497   4   2.0    2.25   0  
   56   3958.794   3632.000   16.94435   1.06455   20.708    0.116   21.550    0.137   22.775    0.156   22.465   0.123   22.548    0.148   1.41   4.000e+06   1.500e+07   3.000e+06   1.126e+03   3.781e+03   9.534e+02   0.04   0.14    0.0    0.17518   -0.16752   -0.01662   -0.08732    0.25678    2.21265   0.08438   5   4.0     4.0   0  
   57   3962.227   3626.865   16.94431   1.06450   21.094    0.128   21.544    0.150   23.084    0.178   22.680   0.141   22.873    0.200   1.29   3.000e+06   5.000e+06   3.000e+06   1.001e+03   1.454e+03   7.363e+02   0.08   0.15    0.0    0.03236    0.00816   -0.03734   -0.06684    0.12796    0.23794   0.86995   5   4.0     4.0   0  
   58   4018.780   3633.000   16.94369   1.06457   21.346    0.133   22.355    0.151   22.955    0.151   22.724   0.135   22.319    0.145   1.42   3.000e+07   5.000e+07   9.000e+06   3.808e+03   5.731e+03   1.577e+03    0.0   0.11    0.0    0.33399   -0.25621   -0.01741    0.09469    0.00679    2.93378   0.03205   5   4.0     4.0   0  
   59   4045.145   3631.000   16.94340   1.06454   21.282    0.125   22.043    0.148   23.248    0.172   23.057   0.145   23.129    0.181   1.28   1.500e+07   1.500e+07   3.000e+06   2.065e+03   2.318e+03   5.770e+02    0.0   0.15    0.0    0.15987   -0.09463   -0.08423    0.12947   -0.14113    1.17385   0.31798   5   4.0     4.0   0  
   60   3921.660   3625.291   16.94476   1.06448   20.146    0.111   20.532    0.125   21.717    0.140   21.185   0.117   20.884    0.119   1.31   1.100e+07   3.000e+07   3.000e+06   9.467e+03   2.289e+04   5.480e+03   0.11   0.35    0.0    0.04417    0.00547   -0.19183    0.17787   -0.01553    1.46114   0.22293   5   4.0    1.75   0  
   61   4033.000   3627.000   16.94353   1.06450   20.793    0.121   21.713    0.152   23.134    0.183   22.724   0.141   22.680    0.183   1.40   4.000e+06   1.500e+07   3.000e+06   7.854e+02   3.032e+03   7.237e+02    0.0   0.11    0.0     0.2243    -0.1437    -0.1532    -0.0913     0.4399    2.99906   0.02933   5   3.0     3.0   0  
   62   4030.210   3619.000   16.94356   1.06441   20.738    0.118   21.426    0.146   22.153    0.147   21.452   0.120   20.557    0.119   1.56   1.000e+07   4.000e+07   9.000e+06   1.478e+04   2.986e+04   1.080e+04   0.35   0.41   0.19    0.39337   -0.24503   -0.21263    0.10967    0.10348    5.12024   0.00153   5   4.0     4.0   0  
   63   4031.767   3616.921   16.94354   1.06439   20.937    0.138   21.667    0.165   22.258    0.150   21.558   0.120   20.521    0.118   1.48   1.000e+07   4.000e+07   9.000e+06   1.826e+04   4.205e+04   1.294e+04   0.44   0.51   0.26    0.53492   -0.25668   -0.16998    0.07052    0.07822    4.89459   0.00211   5   4.0     4.0   0  
   64   3930.000   3622.000   16.94466   1.06444   22.701    0.306   22.503    0.169   24.285    0.228   23.190   0.149   21.773    0.125   1.32   1.000e+07   2.000e+07   1.000e+07   7.552e+03   2.903e+04   5.013e+03   0.62   0.87   0.49    0.86492    0.78402   -0.48418   -0.01248    0.12062    7.57121     5e-05   5   4.0     4.0   0  
   65   4177.429   3621.111   16.94194   1.06444   22.233    0.150   22.692    0.163   24.476    0.276   23.792   0.150   23.427    0.215   1.42   3.000e+06   2.000e+07   3.000e+06   4.151e+02   1.561e+03   2.671e+02   0.12   0.22    0.0    0.10517    0.01998   -0.30493   -0.08773    0.60488    2.37054   0.06842   5   0.0     0.0   0  
   66   3993.091   3613.857   16.94397   1.06436   22.239    0.339   23.256    0.464   23.795    0.289   23.104   0.183   22.143    0.142   1.28   0.000e+00   0.000e+00   0.000e+00   0.000e+00   0.000e+00   0.000e+00    0.0    0.0    0.0        0.0        0.0        0.0        0.0        0.0        0.0       0.0   0   0.0     0.0   0  
   67   4019.000   3609.742   16.94368   1.06431   20.127    0.111   20.666    0.125   22.299    0.145   21.876   0.121   22.186    0.146   1.67   3.000e+06   4.000e+06   3.000e+06   1.704e+03   2.162e+03   1.567e+03   0.02   0.08    0.0    0.03586    0.00146   -0.08394   -0.04494    0.12346    0.41532     0.742   5   3.0     3.0   0  
   68   4025.000   3605.000   16.94362   1.06426   21.054    0.138   22.161    0.199   23.329    0.201   22.754   0.143   22.830    0.157   1.62   4.000e+06   1.500e+07   3.000e+06   9.788e+02   2.649e+03   6.782e+02    0.1   0.21    0.0    0.36663   -0.31917   -0.16477   -0.01967    0.24133    3.75393   0.01039   5   4.0     4.0   0  
   69   3992.667   3603.715   16.94397   1.06424   20.514    0.118   21.130    0.131   22.592    0.152   22.610   0.139   22.992    0.210   1.56   5.000e+06   5.000e+06   5.000e+06   1.253e+03   1.355e+03   1.253e+03    0.0   0.02    0.0    0.12515    0.05065   -0.04295   -0.05715   -0.17735    0.74968   0.52236   5   4.0     4.0   0  
   70   4124.000   3603.795   16.94253   1.06424   24.036    0.898   23.579    0.499   24.404    0.363   23.039   0.131   22.968    0.176   1.35   0.000e+00   0.000e+00   0.000e+00   0.000e+00   0.000e+00   0.000e+00    0.0    0.0    0.0        0.0        0.0        0.0        0.0        0.0        0.0       0.0   0   0.0     0.0   0  
   71   3868.153   3604.249   16.94534   1.06425   20.643    0.113   21.479    0.130   22.930    0.150   22.681   0.126   22.654    0.146   1.45   5.000e+06   1.500e+07   3.000e+06   1.218e+03   3.146e+03   8.319e+02   0.03    0.1    0.0     0.2207    -0.1136    -0.2231      0.005     0.2495    3.01021   0.02889   5   4.0     4.0   0  
   72   4008.217   3589.583   16.94380   1.06409   20.616    0.123   21.249    0.142   22.744    0.166   22.459   0.141   22.263    0.183   1.46   1.500e+07   1.500e+07   3.000e+06   3.845e+03   4.502e+03   1.111e+03    0.0    0.1    0.0    0.15127    0.02477   -0.25483    0.05287    0.05027    1.51569   0.20813   5   4.0     4.0   0  
   73   4051.000   3602.000   16.94333   1.06422   21.606    0.131   22.327    0.177   23.769    0.184   23.470   0.155   23.353    0.209   1.27   1.500e+07   1.500e+07   3.000e+06   1.488e+03   1.738e+03   3.801e+02    0.0   0.12    0.0    0.19214   -0.02236   -0.24896    0.07274   -0.00886    1.44784   0.22668   5   0.0     0.0   0  
   74   4006.304   3599.000   16.94382   1.06419   21.047    0.156   21.485    0.156   22.750    0.171   22.292   0.140   21.779    0.134   1.31   1.000e+07   2.000e+07   9.000e+06   3.181e+03   9.861e+03   2.235e+03   0.09   0.25   0.03    0.09218    0.03498   -0.23462    0.07348    0.05888    1.05187   0.36825   5   3.0    2.75   0  
   75   3967.981   3597.000   16.94425   1.06417   21.755    0.142   22.104    0.170   22.710    0.161   22.255   0.139   22.379    0.154   1.35   4.000e+06   9.000e+07   2.000e+06   3.040e+03   1.043e+04   1.471e+03   0.35   0.41    0.0    0.02933   -0.21517    0.27783    0.09563   -0.06537    1.64801   0.17594   5   4.0     4.0   0  
   76   3974.797   3598.000   16.94417   1.06418   21.884    0.175   22.329    0.198   22.763    0.161   22.420   0.137   22.269    0.150   1.60   9.000e+07   1.000e+08   7.000e+06   9.842e+03   1.251e+04   1.757e+03   0.02   0.28    0.0    0.07224   -0.14886   -0.04116    0.18024   -0.06726    0.85333   0.46455   5   4.0     4.0   0  
   77   4114.000   3594.354   16.94264   1.06414   21.639    0.138   22.436    0.169   23.379    0.181   23.341   0.146   23.369    0.206   1.64   1.300e+07   1.500e+07   5.000e+06   1.293e+03   1.929e+03   5.331e+02    0.0   0.16    0.0    0.16159   -0.14331    0.00659    0.06249   -0.12681    0.86865   0.45645   5   4.0     4.0   0  
   78   4028.000   3600.554   16.94359   1.06421   21.298    0.139   21.831    0.153   23.236    0.171   23.027   0.145   23.613    0.257   1.25   3.000e+06   5.000e+06   3.000e+06   5.398e+02   8.909e+02   5.398e+02    0.0   0.07    0.0   -0.01589   -0.01779    0.14251   -0.01599   -0.09339    0.26443   0.85107   5   4.0     4.0   0  
   79   3996.000   3604.918   16.94394   1.06426   20.423    0.112   21.147    0.132   22.482    0.145   22.218   0.121   22.625    0.163   1.45   4.000e+06   5.000e+06   3.000e+06   1.225e+03   1.719e+03   1.134e+03    0.0   0.06    0.0    0.11175   -0.06025    0.01625   -0.06786    0.01235    0.49067   0.68874   5   4.0     4.0   0  
   80   4048.734   3590.000   16.94336   1.06409   22.767    0.280   23.402    0.375   23.931    0.242   23.502   0.187   22.536    0.168   1.33   1.000e+07   4.000e+07   9.000e+06   2.352e+03   8.621e+03   1.420e+03   0.32   0.55   0.12    0.16933      200.0   -0.12097   -0.04397    0.06373    0.39322   0.67488   4   0.0     0.0   0  
   81   4094.689   3590.014   16.94285   1.06409   21.656    0.142   22.668    0.279   23.074    0.162   22.919   0.140   22.953    0.172   1.60   8.000e+06   8.000e+06   7.000e+06   8.158e+02   1.016e+03   6.973e+02    0.0   0.08    0.0    0.13207   -0.41693    0.00087    0.13317   -0.04353    1.65124   0.17522   5   4.0     4.0   0  
   82   4069.000   3588.119   16.94313   1.06407   22.938    0.271   23.325    0.304   24.313    0.285   23.526   0.147   22.951    0.157   1.38   9.000e+06   5.000e+07   3.000e+06   1.398e+03   5.736e+03   1.031e+03   0.28   0.69   0.08     0.1837    -0.0842    -0.3157      0.145    -0.0093     0.9935   0.39464   5   0.0     0.0   0  
   83   4000.000   3587.092   16.94389   1.06406   20.820    0.129   21.777    0.177   23.518    0.209   22.716   0.152   22.731    0.168   1.57   3.000e+06   4.000e+06   1.000e+06   7.878e+02   1.166e+03   6.661e+02   0.04   0.14    0.0    0.30902   -0.16969   -0.38078    0.02071    0.45391    5.02624   0.00175   5   4.0     4.0   0  
   84   4103.574   3579.000   16.94275   1.06397   21.510    0.133   22.089    0.151   23.596    0.185   23.015   0.133   22.944    0.159   1.52   3.000e+06   4.000e+06   3.000e+06   9.568e+02   1.250e+03   6.809e+02   0.16   0.23   0.06    0.17762   -0.07928   -0.16258   -0.08168    0.25662     1.7286   0.15869   5   4.0     4.0   0  
   85   4128.000   3578.845   16.94248   1.06397   20.919    0.138   21.609    0.151   22.718    0.157   22.181   0.125   21.069    0.119   1.44   1.000e+07   1.100e+07   1.000e+07   6.779e+03   9.022e+03   4.830e+03   0.26   0.34   0.17    0.48596   -0.04164   -0.30934   -0.07114    0.26846     5.8916   0.00051   5   4.0     4.0   0  
   86   4127.929   3573.586   16.94249   1.06391   20.541    0.117   21.140    0.137   22.583    0.152   21.869   0.123   20.707    0.119   1.41   1.000e+07   1.100e+07   1.000e+07   6.778e+03   9.807e+03   4.727e+03   0.19   0.29    0.1    0.41739    0.06999   -0.46831    0.00849    0.49869   11.71648       0.0   5   4.0     4.0   0  
   87   4125.276   3568.000   16.94251   1.06385   20.751    0.129   21.236    0.138   22.738    0.173   22.148   0.127   21.301    0.123   1.30   1.000e+07   1.100e+07   1.000e+07   4.327e+03   5.802e+03   3.153e+03   0.12   0.19   0.04    0.24654    0.10334   -0.43047   -0.01647    0.25964    5.43302   0.00098   5   4.0     4.0   0  
   88   3927.000   3578.000   16.94470   1.06396   21.144    0.116   21.911    0.145   23.251    0.179   22.952   0.133   23.227    0.176   1.31   4.000e+06   5.000e+06   3.000e+06   6.278e+02   1.002e+03   5.776e+02    0.0   0.08    0.0    0.11653   -0.09847   -0.02697   -0.07607    0.13613    0.77175   0.50961   5   4.0     4.0   0  
   89   4039.000   3577.000   16.94346   1.06395   21.200    0.126   22.219    0.157   23.228    0.166   22.791   0.134   23.285    0.216   1.38   4.000e+06   4.000e+06   1.000e+06   7.194e+02   9.534e+02   5.805e+02   0.05   0.12    0.0    0.23409   -0.29861    0.05929    0.10739    0.02549    2.76731   0.04017   5   4.0     4.0   0  
   90   4027.000   3576.313   16.94360   1.06394   21.615    0.155   22.081    0.166   23.459    0.219   22.472   0.136   21.504    0.128   1.27   1.000e+07   1.100e+07   1.000e+07   5.578e+03   8.202e+03   3.994e+03   0.33   0.42   0.24    0.44704    0.05554   -0.54476    0.08134    0.17674    6.02854   0.00042   5   4.0     4.0   0  
   91   4013.816   3574.479   16.94374   1.06392   21.295    0.122   22.217    0.171   23.661    0.216   23.179   0.163   29.498   66.621   1.35   0.000e+00   0.000e+00   0.000e+00   0.000e+00   0.000e+00   0.000e+00    0.0    0.0    0.0        0.0        0.0        0.0        0.0        0.0        0.0       0.0   0   0.0     0.0   0  
   92   4047.000   3572.968   16.94338   1.06391   24.819    1.427   23.003    0.289   24.973    0.560   23.289   0.152   22.991    0.211   1.39   0.000e+00   0.000e+00   0.000e+00   0.000e+00   0.000e+00   0.000e+00    0.0    0.0    0.0        0.0        0.0        0.0        0.0        0.0        0.0       0.0   0   0.0     0.0   0  
   93   3998.219   3572.096   16.94391   1.06390   23.673    0.747   23.623    0.548   23.265    0.179   22.903   0.140   22.130    0.141   1.63   0.000e+00   0.000e+00   0.000e+00   0.000e+00   0.000e+00   0.000e+00    0.0    0.0    0.0        0.0        0.0        0.0        0.0        0.0        0.0       0.0   0   0.0     0.0   0  
   94   3817.856   3575.550   16.94590   1.06393   21.871    0.147   22.561    0.165   23.875    0.188   23.915   0.142   23.754    0.212   1.47   1.500e+07   1.500e+07   5.000e+06   1.133e+03   1.262e+03   3.781e+02    0.0    0.1    0.0    0.22314    0.03964   -0.05896   -0.07626   -0.11386    0.89075   0.44496   5   0.0     0.0   0  
   95   3976.000   3568.000   16.94416   1.06385   21.635    0.138   22.225    0.170   22.898    0.171   22.043   0.132   20.998    0.121   1.34   1.000e+07   3.000e+07   9.000e+06   1.231e+04   2.742e+04   9.043e+03   0.47   0.55   0.32    0.45533   -0.23287   -0.25557    0.11294    0.08604    4.52117   0.00356   5   4.0     4.0   0  
   96   3982.000   3562.989   16.94409   1.06380   21.080    0.125   21.024    0.128   21.069    0.140   20.556   0.117   20.216    0.118   1.33   9.000e+07   4.000e+08   7.000e+06   1.112e+05   1.284e+05   2.371e+04   0.29   0.51    0.0   -0.03754   -0.09834    0.15436    0.31146   -0.13614     2.8875   0.03413   5   1.0     1.0   0  
   97   4135.962   3567.899   16.94240   1.06385   20.813    0.123   21.562    0.144   23.407    0.186   22.864   0.153   24.780    1.291   1.34   0.000e+00   0.000e+00   0.000e+00   0.000e+00   0.000e+00   0.000e+00    0.0    0.0    0.0        0.0        0.0        0.0        0.0        0.0        0.0       0.0   0   0.0     0.0   0  
   98   4063.000   3568.000   16.94320   1.06385   22.965    0.256   23.331    0.345   24.023    0.226   23.691   0.167   23.317    0.212   1.65   8.000e+06   1.000e+08   4.000e+06   7.806e+02   4.778e+03   5.163e+02   0.19   0.53    0.0    0.08983   -0.06087   -0.10087    0.04673    0.00203    0.14673   0.93182   5   0.0     0.0   0  
   99   4073.000   3548.000   16.94309   1.06363   20.785    0.118   21.376    0.136   22.438    0.150   22.350   0.134   22.523    0.155   1.64   6.000e+06   1.400e+07   4.000e+06   1.452e+03   3.392e+03   1.280e+03   0.03   0.16    0.0    0.05478   -0.09582   -0.05012    0.09108    0.00438    0.43008   0.73145   5   4.0     4.0   0  
  100   4074.219   3558.244   16.94308   1.06374   20.562    0.116   21.103    0.132   22.597    0.153   22.637   0.125   22.576    0.151   1.47   5.000e+06   5.000e+06   5.000e+06   1.290e+03   1.635e+03   1.290e+03    0.0   0.06    0.0    0.04555    0.04605   -0.07955   -0.11575    0.20705    1.02288   0.38116   5   4.0     4.0   0  
  101   4075.000   3555.000   16.94307   1.06371   20.705    0.123   21.196    0.135   22.833    0.171   22.511   0.136   22.413    0.160   1.44   1.500e+07   1.500e+07   3.000e+06   3.639e+03   4.077e+03   9.418e+02    0.0   0.14    0.0    0.12202    0.13752   -0.28408    0.06062   -0.03998    1.88468   0.12971   5   4.0     4.0   0  
  102   4143.000   3571.141   16.94232   1.06389   21.618    0.176   22.613    0.209   23.619    0.173   23.470   0.195   22.376    0.144   1.43   1.000e+07   3.000e+07   1.000e+07   1.575e+03   4.157e+03   1.036e+03   0.13   0.25    0.0    0.54118   -0.12492   -0.17182   -0.20752    0.30108    4.04379   0.00695   5   0.0     0.0   0  
  103   4139.000   3554.000   16.94236   1.06370   20.185    0.111   20.864    0.126   22.212    0.143   22.077   0.121   22.425    0.157   1.31   5.000e+06   5.000e+06   3.000e+06   1.806e+03   2.206e+03   1.393e+03    0.0   0.05    0.0    0.05724   -0.08027   -0.05987    0.07893   -0.00726    0.42422   0.73564   5   4.0     4.0   0  
  104   4039.000   3529.000   16.94346   1.06342   21.386    0.136   21.685    0.145   23.166    0.187   22.657   0.145   22.179    0.137   1.51   1.000e+07   2.000e+07   9.000e+06   2.070e+03   6.507e+03   1.506e+03   0.06   0.22    0.0    0.02699    0.14809   -0.31041    0.07469    0.06849    1.70816    0.1629   5   4.0     4.0   0  
  105   4041.485   3539.000   16.94344   1.06353   22.081    0.143   21.891    0.165   21.899    0.144   21.216   0.119   20.649    0.120   1.99   7.000e+08   1.000e+09   8.000e+07   1.053e+05   1.496e+05   7.666e+04    0.0   0.44    0.0    0.09878   -0.05572   -0.11282    0.19798   -0.08102    1.34726   0.25699   5   2.0    1.75   0  
  106   4026.925   3548.000   16.94360   1.06363   21.633    0.143   22.680    0.252   23.734    0.196   23.524   0.208   23.224    0.274   1.42   1.500e+07   2.000e+07   4.000e+06   1.396e+03   1.938e+03   3.812e+02    0.0   0.08    0.0    0.23384   -0.30666   -0.14526    0.08744    0.18884    1.77776   0.14896   5   0.0     0.0   0  
  107   3904.000   3547.000   16.94495   1.06362   21.310    0.117   21.940    0.141   22.838    0.150   22.644   0.124   22.452    0.135   1.28   9.000e+06   2.000e+07   7.000e+06   1.378e+03   4.112e+03   9.855e+02    0.0   0.13    0.0    0.03345   -0.11515   -0.00275    0.10825   -0.02605    0.51676   0.67072   5   4.0     3.5   0  
  108   3927.000   3535.727   16.94470   1.06350   24.255    0.987   99.999   99.999   24.975    0.495   23.349   0.138   22.211    0.140   1.28   0.000e+00   0.000e+00   0.000e+00   0.000e+00   0.000e+00   0.000e+00    0.0    0.0    0.0        0.0        0.0        0.0        0.0        0.0        0.0       0.0   0   0.0     0.0   0  
  109   4008.000   3531.515   16.94381   1.06345   22.881    0.379   23.018    0.273   23.624    0.195   22.989   0.130   23.014    0.207   1.71   4.000e+06   4.000e+06   1.000e+06   2.133e+03   2.985e+03   1.428e+03   0.45   0.56   0.33      200.0   -0.23404    0.16946    0.08306   -0.12794    1.18556   0.30558   4   3.0   3.333   0  
  110   4150.000   3530.000   16.94224   1.06343   19.954    0.110   20.584    0.127   21.885    0.142   21.609   0.119   21.954    0.129   1.40   4.000e+06   5.000e+06   3.000e+06   2.259e+03   3.414e+03   2.083e+03   0.02   0.09    0.0    0.04486   -0.05954    0.03316   -0.05524    0.05696     0.2855   0.83591   5   4.0     4.0   0  
  111   4099.000   3530.004   16.94280   1.06343   24.020    1.095   23.986    0.610   25.954    1.493   23.078   0.160   23.496    0.304   1.33   0.000e+00   0.000e+00   0.000e+00   0.000e+00   0.000e+00   0.000e+00    0.0    0.0    0.0        0.0        0.0        0.0        0.0        0.0        0.0       0.0   0   0.0     0.0   0  
  112   3980.796   3529.000   16.94410   1.06342   21.396    0.126   21.775    0.138   23.398    0.179   22.826   0.130   22.501    0.133   1.26   1.000e+07   2.000e+07   3.000e+06   1.403e+03   4.252e+03   1.188e+03    0.0   0.25    0.0    0.05345    0.17375   -0.37235    0.12735    0.05535    2.90028   0.03354   5   4.0     4.0   0  
  113   4003.000   3524.000   16.94386   1.06337   21.978    0.174   22.692    0.217   24.458    0.424   23.067   0.154   23.491    0.261   1.53   0.000e+00   0.000e+00   0.000e+00   0.000e+00   0.000e+00   0.000e+00    0.0    0.0    0.0        0.0        0.0        0.0        0.0        0.0        0.0       0.0   0   0.0     0.0   0  
  114   4014.000   3520.330   16.94374   1.06333   21.505    0.140   21.957    0.152   23.442    0.202   23.108   0.162   22.928    0.185   1.34   1.500e+07   1.500e+07   3.000e+06   2.149e+03   2.945e+03   7.072e+02   0.02    0.2    0.0    0.02275    0.05075   -0.23685    0.10295    0.05505    0.76688    0.5124   5   4.0    3.25   0  
  115   4069.669   3515.852   16.94313   1.06328   21.490    0.126   21.938    0.146   23.432    0.187   22.950   0.144   22.669    0.141   1.56   1.000e+07   2.000e+07   9.000e+06   1.270e+03   3.715e+03   1.084e+03    0.0   0.14    0.0    0.06725    0.11855   -0.29855    0.11114   -0.00486    1.59184   0.18899   5   4.0     4.0   0  
  116   4021.684   3516.000   16.94365   1.06328   21.829    0.155   22.504    0.207   23.781    0.226   23.131   0.165   22.448    0.147   1.80   1.000e+07   2.000e+07   9.000e+06   1.674e+03   4.021e+03   1.218e+03   0.13   0.22   0.05     0.2638    -0.0823    -0.4002     0.0651     0.1627    2.74703   0.04128   5   4.0     4.0   0  
  117   4143.864   3511.912   16.94231   1.06323   21.331    0.119   21.809    0.132   23.356    0.164   23.102   0.127   22.533    0.136   1.38   1.000e+07   2.000e+07   1.000e+07   1.335e+03   3.469e+03   1.335e+03    0.0   0.11    0.0    0.17208    0.19338   -0.27672   -0.09502    0.07698    2.73067   0.04221   5   2.0   1.667   0  
  118   4179.000   3510.184   16.94192   1.06321   20.838    0.113   21.452    0.132   22.873    0.148   22.630   0.121   22.931    0.151   1.36   3.000e+06   5.000e+06   3.000e+06   8.768e+02   1.435e+03   8.068e+02   0.02   0.08    0.0     0.0462    -0.0632    0.06339   -0.07761    0.09979    0.47234   0.70155   5   2.0    1.75   0  
  119   4049.688   3511.527   16.94335   1.06323   21.258    0.138   21.940    0.154   22.776    0.154   22.589   0.129   22.803    0.157   1.26   7.000e+06   1.200e+07   4.000e+06   9.552e+02   1.894e+03   9.552e+02    0.0   0.18    0.0     0.1505    -0.0854    -0.0512     0.1437    -0.1441    1.17921   0.31591   5   4.0     4.0   0  
  120   3955.201   3509.264   16.94439   1.06320   22.056    0.157   22.583    0.192   23.716    0.205   23.254   0.144   22.855    0.153   1.36   1.000e+07   4.000e+07   9.000e+06   1.212e+03   3.776e+03   7.858e+02   0.08   0.24    0.0     0.0667   -0.06641     -0.195     0.1257     0.0117    0.68927   0.55845   5   0.0     0.0   0  
  121   3980.000   3502.000   16.94411   1.06312   21.916    0.158   22.679    0.190   24.508    0.340   23.762   0.186   23.794    0.315   1.26   0.000e+00   0.000e+00   0.000e+00   0.000e+00   0.000e+00   0.000e+00    0.0    0.0    0.0        0.0        0.0        0.0        0.0        0.0        0.0       0.0   0   0.0     0.0   0  
  122   4098.565   3502.522   16.94281   1.06313   22.010    0.176   23.033    0.249   24.388    0.296   22.974   0.129   22.859    0.188   1.30   1.000e+06   2.000e+06   1.000e+06   1.666e+03   2.762e+03   1.019e+03   0.35   0.51   0.22    0.68418   -0.26203   -0.39313   -0.01433    0.33628    4.89079   0.00212   5   4.0     4.0   0  
  123   3990.000   3488.000   16.94400   1.06297   21.393    0.148   22.377    0.223   24.301    0.347   23.381   0.165   23.271    0.243   1.40   0.000e+00   0.000e+00   0.000e+00   0.000e+00   0.000e+00   0.000e+00    0.0    0.0    0.0        0.0        0.0        0.0        0.0        0.0        0.0       0.0   0   0.0     0.0   0  
  124   3994.000   3488.000   16.94396   1.06297   21.220    0.122   21.819    0.148   23.421    0.166   23.230   0.134   22.938    0.150   1.43   1.500e+07   1.500e+07   1.400e+07   2.082e+03   2.324e+03   1.876e+03    0.0   0.03    0.0    0.21324    0.12074   -0.26586   -0.05216    0.04124    2.21297   0.08434   5   4.0     4.0   0  
  125   3992.273   3484.308   16.94398   1.06293   21.127    0.121   21.915    0.162   23.354    0.171   23.049   0.143   22.795    0.153   1.44   1.500e+07   1.500e+07   1.400e+07   2.251e+03   2.720e+03   2.033e+03    0.0   0.05    0.0    0.22141   -0.06009   -0.28368    0.04402    0.09942    2.31868   0.07331   5   4.0     4.0   0  
  126   4022.000   3483.000   16.94365   1.06292   22.805    0.301   23.219    0.303   23.501    0.179   23.596   0.178   22.452    0.146   1.47   3.000e+07   2.000e+08   9.000e+06   4.713e+03   9.302e+03   1.690e+03   0.24   0.53    0.0    0.17951   -0.12508    0.21392   -0.20938    0.09572    1.24899   0.29011   5   0.0     0.0   0  
  127   3987.000   3480.246   16.94404   1.06288   22.020    0.163   23.329    0.456   23.968    0.242   23.702   0.170   24.393    0.624   1.46   0.000e+00   0.000e+00   0.000e+00   0.000e+00   0.000e+00   0.000e+00    0.0    0.0    0.0        0.0        0.0        0.0        0.0        0.0        0.0       0.0   0   0.0     0.0   0  
  128   3968.909   3478.000   16.94424   1.06286   23.410    0.312   24.578    0.897   24.481    0.273   23.283   0.134   22.002    0.125   1.35   1.000e+07   4.000e+07   3.000e+06   7.803e+03   2.887e+04   5.253e+03    0.7    1.2   0.55    0.62238      200.0   -0.38102    0.11998    0.00458    2.91002   0.05447   4   0.0     0.0   0  
  129   4084.000   3477.169   16.94297   1.06285   21.913    0.139   22.780    0.225   23.947    0.218   23.304   0.137   23.054    0.191   1.30   1.000e+07   2.000e+07   3.000e+06   8.794e+02   2.281e+03   6.069e+02   0.02   0.26    0.0    0.17212   -0.22208   -0.33038    0.22312    0.04702    2.62444    0.0487   5   0.0     0.0   0  
  130   4055.961   3472.957   16.94328   1.06280   23.672    0.435   23.520    0.275   24.146    0.259   22.798   0.123   21.434    0.122   1.35   3.000e+06   5.000e+06   3.000e+06   2.753e+04   4.456e+04   1.965e+04    1.2   1.32   1.08      200.0    0.13921    0.01111   -0.05189    0.03111    0.23872   0.78764   4   4.0     4.0   0  
  131   3993.589   3471.846   16.94396   1.06279   23.270    0.239   99.999   99.999   23.662    0.196   22.491   0.121   21.419    0.120   1.37   3.000e+06   5.000e+06   3.000e+06   1.762e+04   2.702e+04   1.338e+04   0.95   1.06   0.86    0.23245      200.0   -0.06675   -0.07905    0.07995     0.8808   0.41445   4   4.0     4.0   0  
  132   3861.000   3469.000   16.94542   1.06276   99.999   99.999   22.997    0.223   23.448    0.164   23.432   0.137   23.615    0.240   1.50   8.000e+06   7.000e+07   6.000e+06   5.237e+02   3.325e+03   4.350e+02   0.01   0.26    0.0      200.0   -0.21361    0.15019    0.13509   -0.20521    1.79871   0.16551   4   0.0     0.0   0  
  133   3946.000   3447.212   16.94449   1.06252   21.802    0.150   22.239    0.157   23.674    0.190   23.361   0.137   23.372    0.247   1.41   5.000e+06   1.500e+07   3.000e+06   8.315e+02   2.017e+03   3.947e+02   0.12   0.21    0.0    0.05413    0.00083   -0.17327    0.04373    0.11803    0.46812   0.70451   5   0.0     0.0   0  
  134   4092.000   3436.300   16.94288   1.06240   22.953    0.249   22.997    0.240   23.101    0.151   22.390   0.123   21.511    0.124   2.04   8.000e+06   6.000e+08   6.000e+06   9.028e+03   5.089e+04   6.928e+03   0.62   0.85   0.05    0.16792   -0.19118   -0.03318    0.11452   -0.04018    0.69617   0.55424   5   4.0    3.25   0  
  135   3536.391   3424.907   16.94900   1.06228   21.955    0.130   21.969    0.146   21.628    0.141   19.933   0.117   18.477    0.118   1.68   4.000e+07   5.000e+07   1.000e+06   9.709e+05   1.404e+06   3.424e+05   1.04    1.5   0.98    0.56762   -0.30778   -0.13668    0.46862   -0.04068    9.75758       0.0   5   4.0     4.0   0  
  136   3981.807   3431.000   16.94409   1.06234   21.510    0.129   22.147    0.150   24.031    0.233   23.243   0.134   23.103    0.170   1.27   3.000e+06   4.000e+06   3.000e+06   5.889e+02   8.073e+02   4.184e+02   0.08   0.16    0.0    0.19201   -0.01919   -0.40869   -0.05419    0.47361    3.89426   0.00855   5   0.0     0.0   0  
  137   3948.000   3410.470   16.94447   1.06212   23.397    0.411   99.999   99.999   27.347    3.797   24.058   0.192   22.217    0.125   1.45   0.000e+00   0.000e+00   0.000e+00   0.000e+00   0.000e+00   0.000e+00    0.0    0.0    0.0        0.0        0.0        0.0        0.0        0.0        0.0       0.0   0   0.0     0.0   0  
  138   3963.978   3409.000   16.94429   1.06210   21.882    0.145   22.451    0.193   23.764    0.186   23.522   0.144   22.947    0.139   1.36   1.000e+07   2.000e+07   9.000e+06   8.966e+02   2.600e+03   7.315e+02   0.01   0.15    0.0    0.11773    0.03473   -0.21047   -0.04937    0.11413    0.97097   0.40525   5   0.0     0.0   0  
  139   4061.476   3405.139   16.94322   1.06206   22.070    0.138   22.522    0.168   24.323    0.252   23.615   0.139   22.743    0.140   1.28   1.000e+07   1.100e+07   1.000e+07   9.765e+02   1.409e+03   7.384e+02   0.07   0.16    0.0    0.22302    0.17792   -0.60958   -0.03418    0.33922    6.00377   0.00044   5   0.0     0.0   0  
  140   3987.385   3405.000   16.94403   1.06206   23.814    0.555   25.553    1.822   31.274   99.999   23.283   0.129   21.977    0.125   1.30   0.000e+00   0.000e+00   0.000e+00   0.000e+00   0.000e+00   0.000e+00    0.0    0.0    0.0        0.0        0.0        0.0        0.0        0.0        0.0       0.0   0   0.0     0.0   0  
  141   3870.000   3400.837   16.94532   1.06201   23.469    0.349   23.030    0.202   24.344    0.210   23.880   0.147   22.820    0.139   1.39   1.500e+07   3.000e+07   9.000e+06   5.028e+03   6.936e+03   1.383e+03   0.47   0.58   0.26    0.00536    0.35426   -0.16954   -0.08994    0.09186    1.27037    0.2826   5   0.0     0.0   0  
  142   4021.776   3385.725   16.94365   1.06184   21.698    0.129   22.646    0.171   23.807    0.186   23.473   0.130   23.939    0.221   1.41   4.000e+06   4.000e+06   3.000e+06   3.578e+02   4.536e+02   3.286e+02    0.0   0.06    0.0    0.17291   -0.22309    0.02741    0.01331    0.03451    1.22931   0.29719   5   0.0     0.0   0  
  143   3898.000   3379.000   16.94502   1.06177   22.759    0.215   22.859    0.197   24.231    0.233   23.304   0.134   22.807    0.159   1.35   3.000e+06   4.000e+06   3.000e+06   2.096e+03   2.908e+03   1.453e+03    0.5    0.6    0.4    0.23701    0.03471   -0.21519   -0.07609    0.17741    1.15321   0.32603   5   0.0     0.0   0  
  144   4021.000   3354.530   16.94366   1.06150   22.937    0.235   24.266    0.461   23.533    0.165   22.941   0.123   22.973    0.150   1.26   4.000e+06   4.000e+06   1.000e+06   2.150e+03   2.728e+03   1.754e+03   0.44   0.52   0.38   -0.20668      200.0    0.20952    0.08863   -0.11457     1.6998   0.18272   4   4.0    3.25   0  
  145   4300.000   3349.000   16.94059   1.06144   23.034    0.232   23.396    0.242   24.091    0.199   23.143   0.122   21.984    0.122   1.41   1.000e+07   4.000e+07   9.000e+06   6.520e+03   2.133e+04   4.404e+03   0.59   0.78   0.44    0.50283   -0.10227   -0.25617    0.09613    0.01343     1.9646   0.11689   5   2.0     2.5   0  
  146   4086.641   3339.603   16.94294   1.06134   22.627    0.227   23.376    0.351   24.150    0.222   23.376   0.133   22.826    0.145   1.56   1.000e+07   4.000e+07   3.000e+06   1.683e+03   5.711e+03   1.090e+03   0.24   0.63   0.08    0.16306      200.0   -0.31284    0.18006   -0.01364    2.33859   0.09646   4   4.0     4.0   0  
  147   3189.735   3261.649   16.95281   1.06048   24.452    0.964   22.889    0.219   24.497    0.251   23.598   0.132   21.987    0.124   1.98   1.500e+07   3.000e+07   9.000e+06   2.225e+04   3.251e+04   5.615e+03   0.88   1.03   0.62      200.0     0.9697    -0.2211     -0.079     0.0742     5.1239   0.00595   4   4.0     4.0   0  
  148   4249.000   3206.093   16.94115   1.05987   23.166    0.214   23.820    0.430   24.403    0.214   23.250   0.126   22.444    0.128   1.93   3.000e+06   4.000e+06   3.000e+06   4.597e+03   6.429e+03   3.252e+03   0.74   0.86   0.63    0.48545      200.0   -0.23055   -0.07415    0.13025    3.03825   0.04792   4   4.0     3.0   0  
  149   2056.969   3205.000   16.96528   1.05986   99.999   99.999   26.567    4.201   27.634    3.354   23.677   0.128   22.388    0.127   1.86   0.000e+00   0.000e+00   0.000e+00   0.000e+00   0.000e+00   0.000e+00    0.0    0.0    0.0        0.0        0.0        0.0        0.0        0.0        0.0       0.0   0   0.0     0.0   0  
  150   1495.000   3167.476   16.97147   1.05944   22.488    0.218   22.346    0.173   23.837    0.204   23.331   0.128   22.301    0.129   1.78   1.000e+07   2.000e+07   1.000e+07   2.547e+03   8.496e+03   1.860e+03   0.28   0.47   0.19    0.10728    0.38648   -0.28142   -0.09192    0.13698     2.5963   0.05058   5   4.0     4.0   0  
  151   4424.000   3125.000   16.93923   1.05898   19.020    0.115   19.323    0.128   20.087    0.142   19.123   0.119   18.584    0.119   1.65   4.000e+06   1.100e+07   3.000e+06   1.324e+05   1.649e+05   8.259e+04   0.61   0.68   0.35    0.30824   -0.20546   -0.10336    0.00314    0.11834    3.34617   0.01824   5   4.0     4.0   0  
  152   4420.000   3112.000   16.93927   1.05883   18.532    0.108   18.921    0.123   20.060    0.140   19.466   0.117   18.900    0.118   1.82   1.000e+07   2.000e+07   9.000e+06   5.191e+04   1.171e+05   3.933e+04   0.17   0.23   0.12    0.08816   -0.02364   -0.23974    0.13466    0.05756     1.9071   0.12599   5   4.0     4.0   0  
  153   4406.288   3137.279   16.93942   1.05911   21.966    0.149   22.033    0.169   22.890    0.147   22.314   0.123   21.386    0.129   1.62   1.000e+07   3.000e+07   9.000e+06   7.762e+03   2.401e+04   5.470e+03   0.38   0.54   0.24    0.05483    0.00013   -0.12467    0.04583    0.02983    0.37384   0.77189   5   4.0     4.0   0  
  154   4424.518   3086.000   16.93922   1.05855   23.489    0.502   22.695    0.208   24.125    0.255   24.326   0.492   23.161    0.380   1.51   0.000e+00   0.000e+00   0.000e+00   0.000e+00   0.000e+00   0.000e+00    0.0    0.0    0.0        0.0        0.0        0.0        0.0        0.0        0.0       0.0   0   0.0     0.0   0  
  155   4416.652   3080.487   16.93931   1.05849   22.773    0.213   23.718    0.444   24.195    0.262   23.498   0.235   24.212    0.762   2.03   0.000e+00   0.000e+00   0.000e+00   0.000e+00   0.000e+00   0.000e+00    0.0    0.0    0.0        0.0        0.0        0.0        0.0        0.0        0.0       0.0   0   0.0     0.0   0  
  156   2604.000   3046.512   16.95926   1.05811   23.075    0.238   22.821    0.248   24.041    0.217   23.715   0.141   23.162    0.157   1.95   1.400e+07   7.000e+07   5.000e+06   2.764e+03   4.118e+03   7.356e+02    0.3   0.54   0.03   -0.10921    0.25729   -0.06251    0.03309   -0.02011    0.41475   0.74241   5   4.0     4.0   0  
  157   1623.565   2979.096   16.97005   1.05737   22.644    0.230   24.156    0.546   23.783    0.186   23.945   0.139   23.412    0.150   1.41   2.000e+07   7.000e+07   6.000e+06   1.448e+03   2.737e+03   4.164e+02   0.06   0.25    0.0   -0.06104      200.0    0.18926   -0.06494    0.01646    0.59501   0.55155   4   0.0     0.0   0  
  158   3567.000   2914.630   16.94866   1.05666   22.890    0.226   24.180    0.572   24.685    0.289   22.906   0.156   21.235    0.134   2.28   3.000e+06   4.000e+06   1.000e+06   4.702e+04   6.563e+04   2.983e+04   1.42    1.5   1.25    2.44413      200.0   -0.19027   -0.02787    0.04093    9.55751     7e-05   4   4.0     4.0   0  
  159   2193.392   2892.000   16.96378   1.05641   22.272    0.159   22.888    0.239   24.009    0.175   23.423   0.122   22.978    0.140   1.72   1.000e+07   3.000e+07   9.000e+06   1.149e+03   3.422e+03   7.799e+02   0.12   0.27    0.0    0.16566   -0.10854   -0.26134    0.14866    0.02276    1.77835   0.14884   5   4.0     4.0   0  
  160   5562.351   2814.000   16.92670   1.05555   23.545    0.357   23.777    0.356   23.972    0.185   23.562   0.130   22.801    0.133   1.61   0.000e+00   0.000e+00   0.000e+00   0.000e+00   0.000e+00   0.000e+00    0.0    0.0    0.0        0.0        0.0        0.0        0.0        0.0        0.0       0.0   0   0.0     0.0   0  
  161   5519.000   2745.955   16.92717   1.05480   22.473    0.182   23.016    0.199   23.982    0.176   23.689   0.130   22.916    0.132   1.65   1.000e+07   4.000e+07   9.000e+06   1.249e+03   3.815e+03   8.837e+02   0.17   0.33   0.01    0.19388   -0.07192   -0.11502   -0.04162    0.08828     0.6952   0.55483   5   0.0     0.0   0  
  162   5332.000   2675.235   16.92923   1.05403   23.977    0.552   23.912    0.408   24.431    0.250   23.548   0.136   22.749    0.149   2.16   0.000e+00   0.000e+00   0.000e+00   0.000e+00   0.000e+00   0.000e+00    0.0    0.0    0.0        0.0        0.0        0.0        0.0        0.0        0.0       0.0   0   0.0     0.0   0  
  163   1787.654   2653.445   16.96825   1.05379   23.412    0.306   23.101    0.215   23.801    0.181   23.835   0.127   23.874    0.219   1.74   6.000e+06   9.000e+07   5.000e+06   8.068e+02   2.860e+03   3.933e+02   0.28    0.4    0.0   -0.33473    0.09517    0.27817    0.08547   -0.23033    1.81684   0.14163   5   0.0     0.0   0  
  164   5847.000   2542.908   16.92356   1.05257   25.286    1.665   99.999   99.999   24.871    0.258   23.870   0.137   23.105    0.151   1.46   0.000e+00   0.000e+00   0.000e+00   0.000e+00   0.000e+00   0.000e+00    0.0    0.0    0.0        0.0        0.0        0.0        0.0        0.0        0.0       0.0   0   0.0     0.0   0  
  165   6055.697   2449.000   16.92127   1.05154   99.999   99.999   99.999   99.999   24.380    0.241   23.524   0.129   99.999   99.999   1.27   0.000e+00   0.000e+00   0.000e+00   0.000e+00   0.000e+00   0.000e+00    0.0    0.0    0.0        0.0        0.0        0.0        0.0        0.0        0.0       0.0   0   0.0     0.0   0  
  166   5698.000   2443.896   16.92520   1.05148   22.528    0.201   22.951    0.216   24.057    0.177   23.697   0.131   22.477    0.127   1.81   1.000e+07   2.000e+07   1.000e+07   2.049e+03   6.399e+03   1.451e+03    0.3   0.47    0.2    0.43102    0.12012   -0.18108   -0.15528    0.23502    3.01372   0.02875   5   4.0     4.0   0  
  167   4408.000   2425.431   16.93940   1.05128   23.193    0.367   25.297    1.405   24.199    0.233   22.674   0.140   20.700    0.131   1.88   0.000e+00   0.000e+00   0.000e+00   0.000e+00   0.000e+00   0.000e+00    0.0    0.0    0.0        0.0        0.0        0.0        0.0        0.0        0.0       0.0   0   0.0     0.0   0  
  168   4423.626   2439.569   16.93923   1.05143   25.211    1.776   23.269    0.255   24.391    0.238   22.833   0.158   21.516    0.153   2.10   3.000e+06   4.000e+06   2.000e+06   2.445e+04   3.534e+04   1.602e+04   1.18   1.32   1.04      200.0    0.41725   -0.18896   -0.02356    0.04174    1.34593    0.2603   4   4.0     4.0   0  
  169   5777.000   2362.850   16.92433   1.05059   23.049    0.246   21.881    0.133   22.817    0.143   22.265   0.118   21.901    0.120   1.30   6.000e+06   6.000e+06   3.000e+06   7.898e+03   1.273e+04   6.626e+03   0.59   0.72   0.54   -0.48742    0.41988    0.08738    0.20958   -0.14702    5.92765   0.00049   5   4.0   3.333   0  
  170   2941.903   2300.400   16.95554   1.04990   23.810    0.615   23.135    0.244   23.811    0.173   22.252   0.136   20.754    0.128   2.01   3.000e+06   4.000e+06   3.000e+06   6.187e+04   8.298e+04   4.449e+04   1.31   1.42    1.2      200.0    0.20333   -0.07337   -0.02747    0.02853    0.43011   0.65044   4   4.0     4.0   0  
  171   4264.174   2091.552   16.94099   1.04760   23.839    0.537   22.542    0.171   21.658    0.141   19.744   0.118   18.359    0.119   1.76   1.100e+10   1.400e+10   8.000e+08   1.591e+07   2.058e+07   4.543e+06   0.61   0.95   0.52      200.0   -0.19604    0.02385    0.52356   -0.12784    7.64877   0.00048   4   4.0     4.0   0  
  172   1383.874   2105.683   16.97269   1.04776   22.590    0.200   23.124    0.186   23.907    0.183   23.459   0.123   23.166    0.147   1.69   4.000e+07   1.000e+08   4.000e+06   2.301e+03   4.545e+03   6.466e+02   0.02   0.48    0.0    0.07689   -0.09701   -0.11861    0.17029   -0.06431    0.91643   0.43192   5   4.0   3.333   0  
  173   3114.000   2071.000   16.95365   1.04738   23.279    0.357   22.513    0.160   24.091    0.211   23.186   0.128   22.247    0.133   1.62   1.500e+07   2.000e+07   3.000e+06   9.881e+03   1.355e+04   2.703e+03   0.53   0.84   0.31      200.0    0.44385   -0.39844    0.06865    0.04396     5.3821    0.0046   4   4.0     4.0   0  
  174   4195.196   2110.000   16.94174   1.04780   22.602    0.197   22.784    0.180   23.271    0.155   22.000   0.119   20.494    0.119   1.84   1.000e+07   2.000e+07   3.000e+06   4.095e+04   1.313e+05   2.928e+04   0.87    1.2   0.79    0.69248   -0.05922   -0.26082    0.15418    0.02658    3.99762   0.00741   5   4.0     4.0   0  
  175   3563.292   1942.829   16.94870   1.04596   22.373    0.192   22.497    0.193   24.001    0.220   23.404   0.132   22.649    0.136   1.61   1.000e+07   2.000e+07   9.000e+06   1.653e+03   5.387e+03   1.211e+03   0.19   0.37   0.11    0.11757    0.24517   -0.35413    0.00567    0.08887    1.88239    0.1301   5   4.0     4.0   0  
  176   5304.183   1864.219   16.92954   1.04510   18.482    0.108   22.991    0.232   22.782    0.144   21.304   0.117   99.999   99.999   1.66   0.000e+00   0.000e+00   0.000e+00   0.000e+00   0.000e+00   0.000e+00    0.0    0.0    0.0        0.0        0.0        0.0        0.0        0.0        0.0       0.0   0   0.0     0.0   0  
  177   4563.884   1638.420   16.93769   1.04261   23.381    0.290   24.058    0.500   23.995    0.203   21.739   0.119   20.075    0.119   1.82   1.000e+06   2.000e+06   1.000e+06   1.779e+05   1.779e+05   1.431e+05    1.5    1.5   1.43    1.38024      200.0   -0.24346   -0.02116    0.12074    5.00888   0.00668   4   4.0     4.0   0  
  178   3313.256   1612.414   16.95145   1.04233   21.329    0.118   21.618    0.135   23.159    0.154   22.865   0.119   22.275    0.126   1.79   1.000e+07   2.000e+07   1.000e+07   1.626e+03   4.935e+03   1.563e+03   0.01   0.16    0.0     0.0245     0.2215    -0.2517    -0.0386     0.1399    2.27407   0.07779   5   4.0   3.333   0  
  179   4532.442   1429.979   16.93803   1.04032   99.999   99.999   23.880    0.702   22.397    0.145   21.062   0.117   99.999   99.999   1.26   0.000e+00   0.000e+00   0.000e+00   0.000e+00   0.000e+00   0.000e+00    0.0    0.0    0.0        0.0        0.0        0.0        0.0        0.0        0.0       0.0   0   0.0     0.0   0  
  180   3116.000   1392.353   16.95362   1.03991   21.928    0.140   22.473    0.173   23.978    0.243   22.833   0.162   22.316    0.167   1.98   3.000e+06   1.000e+07   1.000e+06   2.304e+03   3.362e+03   1.213e+03   0.41   0.51   0.15    0.39666   -0.14074   -0.44374   -0.00954    0.39886    5.15787   0.00145   5   4.0     4.0   0  
  181   2682.104   1173.536   16.95840   1.03750   22.140    0.143   21.860    0.139   22.869    0.147   22.267   0.119   21.920    0.124   1.63   5.000e+06   6.000e+06   3.000e+06   7.594e+03   9.367e+03   4.632e+03   0.53   0.59   0.44   -0.07774    0.07226   -0.04414    0.11096   -0.05294    0.54714   0.65003   5   4.0     4.0   0  
  182   3549.716    997.747   16.94885   1.03556   22.523    0.176   23.135    0.220   24.125    0.215   23.610   0.129   22.407    0.123   1.47   1.000e+07   2.000e+07   1.000e+07   2.353e+03   5.918e+03   1.722e+03   0.33   0.43   0.24    0.47648   -0.06102   -0.27332   -0.11922    0.21118    3.45371   0.01573   5   0.0     0.0   0  
  183   2119.000    854.000   16.96460   1.03398   20.046    0.111   20.417    0.125   25.075    0.880   20.963   0.117   24.696    0.473   1.25   0.000e+00   0.000e+00   0.000e+00   0.000e+00   0.000e+00   0.000e+00    0.0    0.0    0.0        0.0        0.0        0.0        0.0        0.0        0.0       0.0   0   0.0     0.0   0  
  184   2888.000    477.000   16.95613   1.02983   18.689    0.108   24.686    1.089   25.015    0.385   20.682   0.117   22.319    0.127   1.67   0.000e+00   0.000e+00   0.000e+00   0.000e+00   0.000e+00   0.000e+00    0.0    0.0    0.0        0.0        0.0        0.0        0.0        0.0        0.0       0.0   0   0.0     0.0   0  
