    1   4633.663   6255.105   184.45792   47.43312   99.999   99.999   24.145    0.367   20.891    0.084   26.297   0.229   99.999   99.999   1.56   5.000e+06   2.000e+07   3.000e+06   2.310e+01   1.253e+02   1.500e+01     0.0   0.26    0.0      200.0    0.64171    5.26411   -0.13809      200.0   166.60246       0.0     3   0.0  
    2   4736.000   6071.380   184.45625   47.43110   23.381    0.256   23.422    0.243   20.881    0.084   27.073   0.856   22.052    0.065   1.46   1.200e+10   1.400e+10   4.000e+09   9.274e+05   1.052e+06   4.237e+05     1.5    1.5   1.47    8.17001    5.83111    6.87541   -1.64039    0.11561    75.70164       0.0     5   0.0  
    3   4727.000   6071.078   184.45639   47.43110   22.802    0.168   25.458    1.618   20.010    0.083   26.142   0.260   25.761    0.465   1.87   5.000e+06   5.000e+06   5.000e+06   3.423e+01   3.826e+01   3.423e+01     0.0   0.04    0.0    1.01603      200.0    5.71793   -0.41027    0.23253    94.32365       0.0     4   0.0  
    4   4185.000   6061.000   184.46521   47.43098   23.710    0.225   23.954    0.218   25.012    0.205   24.065   0.071   22.400    0.065   1.39   1.000e+07   2.000e+07   1.000e+07   3.115e+03   1.015e+04   2.528e+03     0.8    1.0   0.72    1.21494    0.48154   -0.22706   -0.07026    0.05864     5.69166   0.00068     5   0.0  
    5   4833.000   5889.000   184.45467   47.42909   24.130    0.541   19.988    0.082   20.260    0.083   25.216   0.142   29.118   12.376   1.69   6.000e+06   6.000e+07   3.000e+06   7.058e+01   4.427e+02   3.731e+01    0.08   0.36    0.0   -0.41551    4.10149    4.89229   -0.05241      200.0   167.87024       0.0     4   0.0  
    6   3577.000   5858.863   184.47510   47.42876   18.811    0.095   25.917    1.768   99.999   99.999   21.457   0.063   24.447    0.250   1.39   1.000e+06   0.000e+00   0.000e+00   3.807e+02   0.000e+00   0.000e+00     0.0    0.0    0.0    2.52459      200.0      200.0    1.18249   -1.03411   284.86105       0.0     3   0.0  
    7   3558.776   5724.333   184.47540   47.42728   99.999   99.999   25.841    1.296   26.719    0.780   25.689   0.237   22.770    0.114   1.74   3.000e+08   1.400e+10   3.000e+07   2.957e+04   6.328e+05   1.433e+04    1.32    1.5   0.96      200.0      200.0    0.48112   -0.03238    0.00251     0.26799   0.60468     3   0.0  
    8   4244.554   5490.000   184.46425   47.42470   24.207    0.367   23.648    0.213   24.350    0.155   23.444   0.068   22.420    0.072   1.83   5.000e+06   6.000e+06   5.000e+06   4.516e+03   5.277e+03   3.374e+03    0.91   0.97   0.84    0.07109    0.05429   -0.09811    0.02199   -0.00781      0.2167   0.88487     5   4.0  
    9   3591.379   5462.366   184.47487   47.42440   24.215    0.400   24.235    0.283   24.693    0.198   23.121   0.070   20.910    0.063   1.64   1.000e+07   4.000e+07   9.000e+06   3.058e+04   9.664e+04   2.465e+04    1.31    1.5   1.21    1.38566    0.31246   -0.26374    0.02846    0.00086     2.39454   0.06627     5   4.0  
   10   5095.375   5453.000   184.45041   47.42429   28.134   12.508   24.687    0.490   23.214    0.092   26.324   0.204   21.059    0.062   1.64   1.200e+10   1.200e+10   1.000e+10   8.820e+05   8.820e+05   8.012e+05     1.5    1.5   1.49      200.0    4.62055    4.59685   -0.83695    1.16305   155.38744       0.0     4   0.0  
   11   2756.420   5427.000   184.48845   47.42401   19.739    0.095   24.200    0.515   27.377    2.318   23.409   0.067   19.431    0.061   3.59   1.200e+10   1.200e+10   1.200e+10   7.345e+06   7.345e+06   7.150e+06     1.5    1.5   1.49    9.56524    2.80634      200.0   -0.22316    0.48984    94.90452       0.0     4   0.0  
   12   5169.000   5294.461   184.44920   47.42255   99.999   99.999   23.350    0.226   26.008    0.499   25.921   0.280   20.455    0.061   2.20   1.200e+10   1.200e+10   1.200e+10   1.648e+06   1.648e+06   1.599e+06     1.5    1.5   1.49      200.0     5.2788     1.1241    -1.1127     1.0883    99.80508       0.0     4   0.0  
   13   5075.793   5277.111   184.45071   47.42236   24.813    0.519   25.270    0.653   26.149    0.479   24.574   0.094   21.752    0.067   1.75   3.000e+08   1.400e+10   2.000e+08   6.966e+04   1.041e+06   5.494e+04    1.27    1.5   1.05    3.63314    1.70394   -0.08626   -0.00456    0.00174     1.94822   0.11942     5   0.0  
   14   2084.142   5112.000   184.49939   47.42054   99.999   99.999   24.142    0.423   27.197    2.168   26.507   0.304   22.039    0.069   2.10   1.200e+10   1.400e+10   1.000e+10   8.199e+05   9.252e+05   7.530e+05     1.5    1.5   1.48      200.0    5.24494      200.0   -0.94056    0.26244    42.12008       0.0     3   0.0  
   15   4879.157   5104.000   184.45392   47.42045   22.883    0.133   21.930    0.089   22.168    0.085   21.546   0.063   20.502    0.062   1.44   6.000e+06   1.000e+09   6.000e+06   2.367e+04   1.015e+05   2.147e+04    0.91   0.94   0.09   -0.24219    0.07841    0.15441    0.05691   -0.07059     3.30312   0.01935     5   1.0  
   16   2115.766   5104.000   184.49887   47.42045   99.999   99.999   25.128    1.014   25.948    0.556   26.327   0.300   21.456    0.065   1.78   1.200e+10   1.200e+10   1.000e+10   1.135e+06   1.135e+06   1.038e+06     1.5    1.5   1.49      200.0      200.0    1.58937   -1.11343    0.49257    81.25739       0.0     3   0.0  
   17   2056.000   5078.181   184.49985   47.42017   22.111    0.115   99.999   99.999   26.805    1.368   26.075   0.249   20.880    0.062   1.80   1.200e+10   1.200e+10   1.200e+10   1.309e+06   1.309e+06   1.271e+06     1.5    1.5   1.49    9.06556      200.0      200.0   -1.01684    0.91316   234.02167       0.0     3   0.0  
   18   5321.263   5058.000   184.44673   47.41994   24.878    0.862   99.999   99.999   20.787    0.083   26.167   0.157   24.912    0.199   1.26   3.000e+08   1.400e+10   1.000e+06   5.202e+02   1.052e+04   8.575e+01     0.1   1.43    0.0    1.65063      200.0    5.71693   -0.04767    0.04223    85.22495       0.0     4   0.0  
   19   5213.882   5052.000   184.44847   47.41988   27.710    6.597   26.688    2.365   25.868    0.344   24.598   0.091   21.878    0.064   1.69   3.000e+08   1.400e+10   3.000e+07   5.441e+04   7.659e+05   3.448e+04    1.19    1.5   0.99      200.0      200.0     0.1314    -0.0119     0.0022     0.14789   0.70056     3   0.0  
   20   5324.188   5012.762   184.44669   47.41945   27.247    8.119   99.999   99.999   99.999   99.999   23.053   0.066   20.046    0.061   4.25   2.000e+08   1.400e+10   3.000e+08   2.000e+02   6.891e+06   3.441e+05   200.0    1.5    1.2      200.0      200.0      200.0      200.0      200.0       200.0     200.0   200   0.0  
   21   2808.562   5007.632   184.48759   47.41939   99.999   99.999   24.736    0.563   25.896    0.460   23.795   0.082   21.790    0.071   2.12   1.100e+10   1.400e+10   7.000e+06   3.331e+05   4.390e+05   1.128e+04    0.65    1.5   0.51      200.0    1.27962   -0.58108    0.06702   -0.01778      2.6324   0.07191     4   0.0  
   22   5423.154   4874.000   184.44507   47.41792   99.999   99.999   29.389   33.276   19.702    0.083   25.354   0.077   24.320    0.095   2.01   3.000e+08   7.000e+09   1.000e+06   7.819e+02   8.572e+03   2.109e+02     0.0   1.26    0.0      200.0      200.0    5.93996   -0.00804    0.00647   169.68413       0.0     3   0.0  
   23   3704.490   4792.501   184.47302   47.41702   22.474    0.123   23.084    0.124   24.241    0.135   23.668   0.073   22.564    0.076   1.98   1.000e+07   1.000e+07   1.000e+07   1.036e+03   1.249e+03   8.501e+02    0.31   0.37   0.25    0.55837    0.04787   -0.31333   -0.08333    0.17657     8.66044     1e-05     5   4.0  
   24   3689.204   4729.000   184.47328   47.41632   27.782    7.945   24.990    0.519   25.269    0.234   23.970   0.070   21.618    0.063   1.67   1.000e+07   4.000e+09   8.000e+06   1.784e+04   2.357e+05   1.407e+04    1.38    1.5   0.78      200.0    0.49802    0.03642   -0.01348    0.00492     0.32966   0.71917     4   0.0  
   25   4893.151   4690.000   184.45369   47.41589   26.276    2.080   24.257    0.281   25.170    0.165   24.163   0.075   22.864    0.073   1.78   5.000e+06   1.500e+07   5.000e+06   3.874e+03   5.579e+03   1.593e+03    1.07   1.15    0.7      200.0    0.42533   -0.08297   -0.00877    0.01073     0.93826   0.39131     4   0.0  
   26   5347.000   4529.582   184.44632   47.41413   25.337    1.383   22.827    0.226   21.335    0.084   20.109   0.065   17.803    0.061   2.29   9.000e+08   1.000e+09   6.000e+08   5.408e+06   6.629e+06   3.263e+06    1.06   1.12   1.01      200.0   -0.33361    0.12989   -0.01261   -0.00721     2.58101    0.0757     4   4.0  
   27   5357.598   4536.074   184.44614   47.41420   16.962    0.095   14.979    0.080   15.179    0.083   15.625   0.063   13.920    0.061   1.80   3.000e+08   4.000e+08   1.400e+07   2.170e+07   2.917e+07   1.966e+07    0.38   0.99   0.34   -0.21867    1.24833    0.94653   -0.13727   -0.00147    51.93427       0.0     5   4.0  
   28   5135.965   4398.753   184.44975   47.41269   99.999   99.999   24.507    0.349   29.245   10.252   25.372   0.174   22.758    0.076   1.57   1.000e+07   1.400e+10   9.000e+06   7.527e+03   3.789e+05   5.547e+03     1.5    1.5   0.82      200.0    2.52617      200.0   -0.10023    0.01787     8.29894   0.00397     3   0.0  
   29   5076.147   4388.000   184.45071   47.41257   25.081    0.742   24.146    0.237   24.698    0.160   24.261   0.089   23.043    0.096   1.57   1.400e+07   3.000e+08   6.000e+06   2.988e+03   5.232e+03   8.799e+02    0.69   0.87   0.05   -0.46746    0.10704    0.10144   -0.03896    0.01634     0.46614   0.70591     5   0.0  
   30   5160.000   4368.823   184.44936   47.41236   24.134    0.381   23.946    0.211   24.071    0.125   23.704   0.072   22.872    0.081   1.53   5.000e+08   1.000e+09   7.000e+06   5.097e+03   9.052e+03   9.257e+02     0.0   0.59    0.0    0.06627    0.04897   -0.03403    0.00787   -0.00433     0.05705    0.9821     5   0.0  
   31   5710.000   4351.000   184.44041   47.41216   23.582    0.236   23.864    0.316   26.074    0.723   24.921   0.133   20.663    0.062   1.78   1.200e+10   1.200e+10   1.000e+10   2.436e+06   2.436e+06   2.227e+06     1.5    1.5   1.49    6.92045    4.34055    0.63385   -0.53695    0.45605    32.08453       0.0     5   0.0  
   32   5019.361   4345.988   184.45164   47.41211   21.543    0.101   21.878    0.091   23.078    0.089   23.134   0.066   23.233    0.095   1.25   6.000e+06   6.000e+06   5.000e+06   3.815e+02   5.667e+02   3.538e+02    0.02   0.12    0.0   -0.04634    0.07236   -0.01104   -0.00544   -0.00354     0.27839   0.84104     5   0.0  
   33   5202.000   4333.000   184.44867   47.41196   24.906    0.603   25.759    1.215   25.489    0.278   24.313   0.087   22.816    0.079   1.25   5.000e+06   1.400e+10   3.000e+06   5.242e+03   7.827e+04   1.794e+03    1.22   1.38   0.11    1.13007      200.0   -0.10423   -0.00103    0.00637     0.75891   0.46818     4   0.0  
   34   5454.692   4331.021   184.44456   47.41194   23.614    0.172   24.495    0.346   24.406    0.146   23.777   0.077   22.867    0.095   1.60   4.000e+07   3.000e+08   7.000e+06   2.681e+03   5.291e+03   9.374e+02    0.36   0.59    0.0    0.32445   -0.62805   -0.08675    0.08415   -0.02115     3.41283   0.01664     5   0.0  
   35   5068.144   4330.000   184.45085   47.41193   21.380    0.100   21.910    0.091   23.625    0.101   23.750   0.076   23.742    0.114   1.53   5.000e+06   5.000e+06   5.000e+06   2.516e+02   2.605e+02   2.516e+02     0.0   0.01    0.0    0.27232    0.28382   -0.06278   -0.18398    0.08582     7.07491     9e-05     5   0.0  
   36   5056.310   4316.966   184.45105   47.41179   23.476    0.312   23.521    0.191   24.866    0.222   24.076   0.126   20.693    0.062   1.27   3.000e+08   3.000e+08   3.000e+08   2.582e+05   2.582e+05   2.145e+05     1.5    1.5   1.41    4.89584    3.19174    0.72564   -0.21046    0.04343    16.79324       0.0     5   0.0  
   37   5039.202   4312.000   184.45132   47.41173   21.787    0.108   22.270    0.101   23.518    0.104   23.142   0.068   22.014    0.068   1.38   1.000e+07   1.000e+07   1.000e+07   1.392e+03   1.690e+03   1.174e+03    0.23   0.29   0.18    0.41524    0.13274   -0.24686   -0.14316    0.25544     11.7026       0.0     5   0.0  
   38   4074.000   4301.000   184.46701   47.41161   23.119    0.166   23.212    0.159   24.302    0.139   24.150   0.088   23.172    0.092   1.86   1.000e+07   2.000e+07   1.000e+07   5.276e+02   1.600e+03   4.317e+02    0.22   0.38   0.16    0.07291    0.19321   -0.01929   -0.13079    0.13221     1.92139   0.12366     5   0.0  
   39   4987.000   4292.000   184.45216   47.41151   21.893    0.113   22.500    0.111   23.636    0.110   23.649   0.078   24.286    0.266   1.55   5.000e+06   6.000e+06   5.000e+06   2.404e+02   2.929e+02   2.123e+02    0.03   0.08    0.0    0.00215   -0.10315    0.10235    0.06845   -0.35105     1.62989   0.18006     5   0.0  
   40   4915.000   4293.000   184.45334   47.41153   22.601    0.126   23.159    0.142   24.229    0.125   24.008   0.078   22.635    0.083   1.50   1.000e+07   1.000e+07   1.000e+07   7.265e+02   9.380e+02   5.528e+02    0.26   0.34   0.18    0.49886    0.10326   -0.12544   -0.20324    0.39736    11.99036       0.0     5   0.0  
   41   5011.670   4284.111   184.45177   47.41143   22.924    0.169   23.453    0.203   24.217    0.146   23.484   0.071   21.931    0.074   1.28   1.000e+07   2.000e+07   1.000e+07   3.670e+03   8.781e+03   2.911e+03    0.67   0.75   0.59    1.00936    0.14246   -0.15344   -0.08974    0.10906     6.84352   0.00013     5   0.0  
   42   5637.966   4280.000   184.44159   47.41138   23.846    0.215   23.745    0.183   23.763    0.105   23.215   0.066   22.178    0.069   1.75   9.000e+07   6.000e+08   7.000e+06   1.147e+04   1.326e+04   2.230e+03    0.48   0.72   0.08    0.13104   -0.11486   -0.00746    0.01574   -0.00566      0.2786   0.84088     5   1.0  
   43   4840.579   4295.590   184.45454   47.41155   99.999   99.999   26.081    1.388   26.797    1.124   24.667   0.115   23.011    0.109   1.83   2.000e+08   1.400e+10   1.000e+06   2.000e+02   9.543e+04   1.380e+03   200.0    1.5   0.11      200.0      200.0      200.0      200.0      200.0       200.0     200.0   200   0.0  
   44   5408.000   4279.000   184.44533   47.41137   99.999   99.999   99.999   99.999   99.999   99.999   25.630   0.218   22.951    0.075   1.20   2.000e+08   1.400e+10   9.000e+06   2.000e+02   4.253e+05   5.033e+03   200.0    1.5   0.82      200.0      200.0      200.0      200.0      200.0       200.0     200.0   200   0.0  
   45   4950.162   4270.000   184.45277   47.41127   22.616    0.126   23.109    0.154   24.032    0.130   23.819   0.083   22.412    0.078   1.68   1.000e+07   1.000e+07   1.000e+07   1.096e+03   1.361e+03   8.697e+02    0.33    0.4   0.26    0.48231    0.06381   -0.08149   -0.22939    0.30501    10.40953       0.0     5   0.0  
   46   5122.890   4266.339   184.44997   47.41123   23.316    0.219   23.412    0.195   23.707    0.108   23.778   0.076   24.075    0.230   1.36   8.000e+07   9.000e+07   7.000e+06   1.382e+03   1.526e+03   2.332e+02     0.0   0.18    0.0   -0.22298   -0.04798    0.25682    0.09122   -0.53958     5.46128   0.00095     5   0.0  
   47   4901.137   4260.025   184.45357   47.41116   21.774    0.106   22.352    0.106   23.718    0.113   23.588   0.076   23.421    0.150   1.31   1.500e+07   1.500e+07   1.400e+07   7.137e+02   7.996e+02   6.433e+02     0.0   0.03    0.0    0.09164    0.02014   -0.13046    0.02224   -0.00936     0.77178   0.50959     5   0.0  
   48   5087.646   4253.484   184.45053   47.41109   23.364    0.180   23.253    0.157   24.079    0.116   23.807   0.080   23.025    0.099   1.35   1.400e+07   4.000e+07   9.000e+06   1.847e+03   2.476e+03   5.812e+02     0.4   0.46   0.14   -0.05583    0.04337    0.02697   -0.01893    0.01307     0.10051   0.95974     5   0.0  
   49   5155.000   4247.000   184.44943   47.41102   23.886    0.236   24.948    0.654   25.038    0.265   24.430   0.114   23.098    0.083   1.42   1.000e+07   4.000e+07   9.000e+06   1.120e+03   3.634e+03   8.781e+02    0.57   0.77   0.42     0.7076    -0.5735    -0.1042    -0.0737     0.0449     2.36203    0.0692     5   0.0  
   50   4924.000   4239.901   184.45320   47.41094   21.299    0.110   21.692    0.096   23.078    0.119   23.042   0.082   23.790    0.396   1.22   5.000e+06   5.000e+06   5.000e+06   4.181e+02   5.135e+02   3.840e+02    0.02   0.07    0.0   -0.06924    0.05266    0.01716    0.04046   -0.47524     1.07701   0.35736     5   0.0  
   51   4920.000   4237.784   184.45326   47.41092   21.814    0.112   22.029    0.102   23.073    0.109   22.932   0.078   21.974    0.073   1.36   1.000e+07   2.000e+07   1.000e+07   1.549e+03   3.458e+03   1.347e+03     0.2   0.24   0.16    0.08079    0.10459   -0.04382   -0.14871    0.12308     2.77421   0.03979     5   0.0  
   52   4935.580   4227.938   184.45300   47.41081   21.951    0.127   22.559    0.159   23.419    0.145   23.432   0.121   23.593    0.265   1.38   6.000e+06   1.400e+07   5.000e+06   3.198e+02   7.964e+02   2.355e+02    0.07   0.18    0.0    0.05859   -0.16141    0.05039    0.05709   -0.07601     0.60479   0.61181     5   0.0  
   53   4932.385   4234.213   184.45306   47.41088   21.247    0.107   21.373    0.096   21.915    0.088   21.779   0.066   21.447    0.068   1.32   8.000e+07   1.000e+08   7.000e+06   1.071e+04   1.182e+04   2.158e+03    0.05   0.25    0.0   -0.05697    0.02333    0.03593    0.03463   -0.03967     0.37919   0.76801     5   4.0  
   54   4927.523   4232.000   184.45314   47.41085   20.253    0.096   20.494    0.083   21.549    0.087   21.524   0.066   21.498    0.076   1.58   6.000e+06   6.000e+06   5.000e+06   2.265e+03   3.231e+03   2.026e+03    0.12   0.21   0.09   -0.04798    0.03402    0.00582    0.00852   -0.01048      0.1547    0.9267     5   2.0  
   55   4781.000   4236.774   184.45552   47.41091   22.098    0.111   22.269    0.099   23.485    0.102   23.571   0.084   23.165    0.114   1.21   1.500e+07   2.000e+07   1.300e+07   1.008e+03   1.214e+03   6.664e+02    0.08   0.13    0.0   -0.09324    0.13706    0.06426   -0.06684    0.02376     1.18366   0.31421     5   0.0  
   56   3238.341   4235.445   184.48061   47.41089   24.433    0.463   24.495    0.594   24.611    0.163   23.991   0.071   23.043    0.077   1.37   7.000e+06   1.000e+09   5.000e+06   1.035e+03   1.008e+04   8.341e+02    0.63    0.9   0.04    0.16204   -0.24226   -0.05696    0.02194   -0.00906     0.18357   0.90762     5   0.0  
   57   5056.632   4233.728   184.45103   47.41087   23.148    0.162   23.049    0.131   23.484    0.105   23.453   0.074   22.784    0.096   1.20   1.000e+08   1.000e+08   7.000e+06   3.289e+03   4.048e+03   6.712e+02     0.1   0.37   0.05   -0.09358    0.10712    0.10892   -0.06328    0.02662     0.93154   0.42439     5   0.0  
   58   4573.595   4229.081   184.45889   47.41082   99.999   99.999   26.539    3.056   24.791    0.159   25.257   0.187   22.664    0.083   1.72   3.000e+08   4.000e+08   2.000e+08   1.374e+04   2.678e+04   9.684e+03    0.82   1.12   0.66      200.0      200.0    1.16635   -0.35105    0.04955    25.46679       0.0     3   0.0  
   59   5098.632   4225.952   184.45035   47.41079   22.683    0.134   23.079    0.136   23.710    0.111   23.604   0.083   23.152    0.130   1.73   5.000e+07   9.000e+07   7.000e+06   1.428e+03   2.052e+03   3.396e+02    0.03   0.24    0.0    0.04307   -0.04783    0.01557   -0.00763    0.00657     0.08634   0.96754     5   0.0  
   60   4911.000   4227.000   184.45340   47.41080   23.799    0.276   26.789    3.451   26.304    0.630   24.645   0.188   22.828    0.103   1.43   1.000e+07   1.400e+10   2.000e+06   3.377e+03   1.371e+05   2.173e+03    1.05    1.5   0.32     2.5922      200.0    -0.5641     0.0678     0.0021     7.13139    0.0008     4   0.0  
   61   5755.704   4225.000   184.43967   47.41077   23.401    0.233   20.159    0.082   20.521    0.083   24.408   0.095   22.285    0.067   2.71   1.000e+07   4.000e+08   9.000e+06   6.450e+03   3.132e+04   4.827e+03    1.15   1.42   0.59    2.90562    5.26602    4.93282   -0.07779    0.02512   119.91301       0.0     5   4.0  
   62   4875.764   4215.000   184.45398   47.41067   23.803    0.272   24.004    0.374   24.861    0.285   23.987   0.093   22.245    0.074   1.31   1.000e+07   3.000e+07   9.000e+06   3.948e+03   1.364e+04   3.080e+03    0.85   1.08   0.73    1.17649    0.42869   -0.12461   -0.08771    0.04849      3.1537   0.02375     5   0.0  
   63   4596.000   4216.753   184.45853   47.41069   27.357    6.753   31.125   99.999   25.265    0.228   24.991   0.137   22.924    0.090   1.33   3.000e+08   8.000e+08   1.000e+07   7.901e+03   2.729e+04   2.672e+03    0.62   1.25   0.48      200.0      200.0    0.45959    -0.1276    0.02859      3.7759     0.052     3   0.0  
   64   4855.000   4215.000   184.45432   47.41067   23.941    0.303   23.575    0.202   23.552    0.107   23.264   0.073   22.527    0.079   1.51   5.000e+08   1.000e+09   4.000e+08   7.416e+03   1.327e+04   6.192e+03     0.0   0.03    0.0   -0.14784    0.01286    0.07786    0.04076   -0.06644     0.60755   0.61002     5   0.0  
   65   4807.745   4216.000   184.45508   47.41068   22.008    0.112   22.218    0.108   23.421    0.111   23.217   0.071   22.322    0.080   1.48   1.000e+07   2.000e+07   1.000e+07   1.021e+03   2.646e+03   8.863e+02    0.16   0.27   0.12    0.08397    0.16407   -0.10693   -0.11383    0.15247      3.1838   0.02279     5   0.0  
   66   4808.121   4210.209   184.45508   47.41061   21.034    0.099   21.037    0.085   21.967    0.086   21.712   0.064   20.703    0.062   1.37   1.000e+07   2.000e+07   1.000e+07   6.182e+03   1.774e+04   5.570e+03     0.3   0.44   0.27   -0.00423    0.10487   -0.02033   -0.09953    0.07977     1.87763    0.1309     5   1.0  
   67   5048.340   4213.000   184.45117   47.41064   22.620    0.143   22.880    0.155   24.142    0.156   23.377   0.079   21.950    0.068   1.43   1.000e+07   1.000e+07   1.000e+07   2.747e+03   3.424e+03   2.232e+03    0.53   0.61   0.46    0.74754    0.31644   -0.34986   -0.12576    0.14434    10.40455       0.0     5   0.0  
   68   5149.849   4211.000   184.44952   47.41062   24.133    0.281   24.187    0.271   24.298    0.148   23.854   0.080   22.982    0.093   1.26   9.000e+07   7.000e+08   6.000e+06   4.436e+03   6.068e+03   8.052e+02    0.36   0.74    0.0    0.11956   -0.13684   -0.01364    0.01266   -0.00294     0.16208    0.9219     5   0.0  
   69   4766.000   4207.000   184.45576   47.41058   23.107    0.153   22.507    0.107   22.734    0.089   21.897   0.064   20.610    0.063   1.49   6.000e+06   7.000e+07   5.000e+06   2.343e+04   6.259e+04   1.267e+04     1.0   1.09   0.66    0.10359   -0.03001   -0.02481    0.00939   -0.00051     0.19959   0.89672     5   1.0  
   70   4942.000   4208.492   184.45290   47.41059   24.761    0.703   24.203    0.344   24.617    0.159   24.065   0.087   23.075    0.144   1.54   6.000e+06   1.000e+09   5.000e+06   1.622e+03   9.740e+03   7.261e+02    0.77   0.92   0.01   -0.08235    0.00345    0.03015   -0.00935    0.00555       0.021   0.99587     5   0.0  
   71   4867.000   4190.000   184.45412   47.41039   99.999   99.999   23.619    0.305   23.784    0.131   23.492   0.100   22.605    0.110   1.29   4.000e+08   1.000e+09   6.000e+06   5.397e+03   1.302e+04   1.017e+03     0.0   0.69    0.0      200.0    0.03208    0.00057   -0.00923    0.00698     0.01167    0.9884     4   0.0  
   72   4875.997   4179.364   184.45398   47.41027   22.669    0.155   22.938    0.193   23.299    0.119   23.122   0.096   22.787    0.152   1.47   9.000e+07   1.000e+08   7.000e+06   3.348e+03   4.277e+03   6.486e+02    0.06   0.31    0.0   -0.01618   -0.11278    0.03182    0.05292   -0.06848     0.32179   0.80963     5   0.0  
   73   4876.000   4186.000   184.45398   47.41035   22.842    0.187   22.612    0.140   23.262    0.132   22.634   0.086   21.632    0.076   1.76   9.000e+06   4.000e+07   5.000e+06   3.602e+03   1.272e+04   3.084e+03    0.51   0.83   0.35    -0.0203     0.0447     -0.058      0.038    -0.0159     0.18216   0.90857     5   4.0  
   74   4742.000   4198.437   184.45616   47.41048   24.550    0.530   24.006    0.243   25.150    0.286   24.423   0.121   23.191    0.114   1.67   1.500e+07   4.000e+07   9.000e+06   2.653e+03   3.519e+03   7.042e+02    0.66   0.77   0.39    0.08529    0.31129   -0.21511   -0.04311    0.04069     0.73699   0.52979     5   0.0  
   75   4632.000   4195.147   184.45795   47.41045   23.616    0.264   23.990    0.257   24.693    0.166   24.198   0.092   23.302    0.108   1.65   1.000e+07   4.000e+07   9.000e+06   6.700e+02   2.188e+03   4.677e+02    0.36   0.55   0.19    0.20765   -0.12925   -0.08185    0.02555    0.00605     0.37948    0.7678     5   0.0  
   76   4985.000   4192.000   184.45221   47.41041   22.953    0.164   23.306    0.172   23.876    0.115   23.852   0.092   23.970    0.198   1.30   7.000e+06   8.000e+06   6.000e+06   2.065e+02   3.773e+02   1.701e+02    0.08   0.25   0.01   -0.09761   -0.10961    0.11849    0.08279   -0.22551     1.38103   0.24642     5   0.0  
   77   4906.851   4172.000   184.45348   47.41019   23.546    0.245   25.244    0.991   25.243    0.461   23.075   0.077   20.839    0.063   1.25   1.100e+10   1.400e+10   8.000e+06   1.021e+06   1.341e+06   2.894e+04     0.8    1.5   0.67     4.0589     0.3116    -0.5256     0.0435    -0.0093     7.08942     9e-05     5   0.0  
   78   4914.602   4179.000   184.45335   47.41027   20.822    0.097   21.040    0.083   21.614    0.085   21.450   0.063   20.904    0.065   1.57   5.000e+07   1.000e+08   7.000e+06   1.321e+04   1.842e+04   3.556e+03    0.11   0.28   0.01    0.00131   -0.01489    0.03311   -0.00099   -0.00859     0.06594   0.97794     5   2.0  
   79   4660.610   4185.721   184.45747   47.41034   22.418    0.128   22.857    0.152   23.994    0.125   23.976   0.109   23.556    0.135   1.25   1.100e+07   2.000e+07   9.000e+06   3.239e+02   8.422e+02   2.455e+02     0.0   0.14    0.0   -0.00041    0.05239    0.00259   -0.04701    0.03789       0.128   0.94353     5   0.0  
   80   4729.038   4184.000   184.45636   47.41032   24.462    0.440   25.245    0.699   23.792    0.126   23.101   0.073   22.177    0.080   1.30   1.000e+09   1.000e+09   7.000e+08   2.591e+04   3.103e+04   1.722e+04    0.21   0.28   0.15    0.37802   -1.16178    0.02732    0.13102   -0.06408     4.32102   0.00472     5   0.0  
   81   4646.000   4183.000   184.45772   47.41032   21.904    0.105   22.183    0.097   23.665    0.110   23.468   0.075   23.207    0.140   1.78   1.500e+07   1.500e+07   5.000e+06   8.975e+02   1.087e+03   3.947e+02    0.04   0.17    0.0   -0.02967    0.14503   -0.15767    0.02823    0.03213     1.53654   0.20272     5   4.0  
   82   4886.886   4180.784   184.45380   47.41029   21.572    0.104   21.727    0.095   22.902    0.093   22.757   0.070   22.448    0.086   1.35   1.400e+07   1.500e+07   5.000e+06   2.098e+03   2.579e+03   1.180e+03    0.14    0.3   0.06   -0.05821    0.10279   -0.02741    0.02539   -0.04031     0.61398   0.60585     5   4.0  
   83   5032.858   4175.000   184.45143   47.41022   20.966    0.098   21.326    0.086   22.782    0.089   22.774   0.065   22.593    0.076   1.24   1.500e+07   1.500e+07   1.400e+07   1.581e+03   1.635e+03   1.426e+03     0.0   0.01    0.0    0.03627    0.18277   -0.05783   -0.02713   -0.04473     1.64769   0.17601     5   4.0  
   84   4631.000   4171.000   184.45796   47.41018   23.049    0.166   23.760    0.252   24.655    0.123   23.954   0.089   21.608    0.065   1.41   3.000e+08   3.000e+08   1.000e+07   3.311e+04   3.998e+04   9.372e+03    0.77   1.34   0.68     3.1617     1.4893     0.1388    -0.1637     0.0601    18.15417       0.0     5   0.0  
   85   4606.000   4165.000   184.45836   47.41012   23.698    0.228   24.074    0.306   24.692    0.183   23.803   0.094   21.636    0.069   1.20   1.000e+07   3.000e+07   1.000e+07   1.061e+04   3.583e+04   8.282e+03    1.11   1.33   1.01    1.82165    0.60775    0.05525   -0.14065    0.06115     6.89656   0.00012     5   0.0  
   86   4942.000   4166.000   184.45290   47.41013   24.476    0.463   24.276    0.276   23.711    0.107   23.386   0.071   22.811    0.096   1.29   1.000e+09   1.000e+09   7.000e+08   1.093e+04   1.187e+04   7.881e+03     0.0   0.03    0.0   -0.01501   -0.32281    0.16729    0.09049   -0.15431     2.81131   0.03785     5   0.0  
   87   4622.000   4164.880   184.45810   47.41011   22.136    0.114   22.485    0.105   24.055    0.131   24.054   0.118   23.450    0.144   1.20   1.500e+07   1.500e+07   1.400e+07   5.402e+02   6.580e+02   4.874e+02     0.0   0.05    0.0    0.03196    0.18946   -0.16514   -0.14144    0.26396     2.98593   0.02986     5   0.0  
   88   4743.073   4162.688   184.45613   47.41009   24.195    0.407   24.135    0.242   24.040    0.132   23.686   0.086   22.654    0.092   1.50   4.000e+08   1.000e+09   7.000e+06   6.290e+03   1.221e+04   1.410e+03    0.11   0.66    0.0    0.11734   -0.08986    0.03964   -0.00526   -0.00256     0.10534   0.95699     5   0.0  
   89   3230.059   4160.460   184.48074   47.41007   24.531    0.505   23.356    0.187   23.356    0.094   22.505   0.064   21.347    0.063   1.79   7.000e+09   1.300e+10   2.000e+09   1.234e+05   1.829e+05   4.742e+04     0.0   0.11    0.0    0.00802    0.02882   -0.02998    0.02222   -0.00998     0.09046   0.96532     5   1.0  
   90   4884.000   4159.914   184.45384   47.41006   23.177    0.274   23.267    0.225   25.074    0.331   23.722   0.114   21.391    0.067   1.28   1.000e+07   4.000e+07   9.000e+06   1.854e+04   6.018e+04   1.454e+04    1.29    1.5   1.17    2.84434    1.72234   -0.18446   -0.09256    0.02704     9.82377       0.0     5   0.0  
   91   4888.000   4152.005   184.45378   47.40997   20.556    0.098   21.149    0.088   22.706    0.095   22.801   0.082   22.980    0.154   1.21   5.000e+06   5.000e+06   5.000e+06   5.756e+02   5.975e+02   5.756e+02     0.0   0.01    0.0    0.19783    0.14633   -0.04227   -0.13347   -0.05067     3.04806   0.02743     5   4.0  
   92   4172.079   4159.000   184.46542   47.41005   21.957    0.106   21.659    0.088   22.289    0.086   22.270   0.063   21.798    0.064   1.24   6.000e+06   6.000e+06   6.000e+06   2.985e+03   3.289e+03   2.695e+03    0.42   0.45   0.39   -0.14157    0.10133    0.22823   -0.03267   -0.03877     3.20975     0.022     5   4.0  
   93   4519.000   4158.000   184.45978   47.41004   23.604    0.226   23.914    0.190   24.484    0.153   24.803   0.136   22.924    0.093   1.60   1.000e+07   2.000e+07   1.000e+07   8.791e+02   2.697e+03   5.892e+02    0.49   0.66   0.36    0.74797    0.31537    0.37757   -0.44613    0.33257    12.69494       0.0     5   0.0  
   94   4709.000   4151.134   184.45670   47.40997   24.723    0.556   25.548    1.022   24.537    0.181   23.155   0.074   21.277    0.066   1.31   5.000e+06   1.400e+10   5.000e+06   3.478e+04   4.865e+05   1.310e+04     1.5    1.5   0.42     0.9758      200.0    -0.0411      0.001     0.0013     0.69731   0.49792     4   0.0  
   95   4858.377   4149.000   184.45427   47.40994   23.686    0.400   23.090    0.164   24.343    0.207   23.489   0.103   22.907    0.101   1.70   3.000e+06   5.000e+06   3.000e+06   1.359e+03   2.057e+03   1.097e+03    0.63   0.71   0.56   -0.13087    0.20683   -0.03957   -0.08587    0.05843     0.84904   0.46684     5   0.0  
   96   4939.000   4146.000   184.45296   47.40991   26.841    4.557   25.739    1.522   25.748    0.522   23.874   0.097   21.683    0.067   1.28   1.100e+10   1.400e+10   7.000e+06   4.299e+05   5.819e+05   1.260e+04    0.75    1.5   0.59      200.0      200.0   -0.29726    0.02674   -0.00486     0.50848    0.4758     3   0.0  
   97   4860.000   4134.453   184.45424   47.40978   18.412    0.095   18.936    0.081   20.526    0.083   20.609   0.063   20.725    0.065   1.64   5.000e+06   5.000e+06   5.000e+06   4.280e+03   4.423e+03   4.280e+03     0.0   0.01    0.0    0.16345    0.18095   -0.04065   -0.11985    0.02595     3.74497   0.01052     5   3.0  
   98   4721.000   4143.157   184.45650   47.40988   24.101    0.277   23.931    0.276   23.935    0.138   23.554   0.085   22.837    0.102   1.54   5.000e+08   1.000e+09   7.000e+07   5.583e+03   1.000e+04   4.558e+03     0.0    0.4    0.0    0.00037   -0.03493    0.00307    0.05897   -0.06823     0.31652   0.81345     5   0.0  
   99   5057.000   4141.000   184.45103   47.40985   21.607    0.101   22.229    0.096   23.820    0.112   23.717   0.076   23.032    0.088   1.28   1.500e+07   1.500e+07   1.500e+07   7.291e+02   8.723e+02   7.291e+02     0.0   0.05    0.0    0.23549    0.11999   -0.25561    -0.1299    0.35649     9.21164       0.0     5   0.0  
  100   4901.199   4134.256   184.45357   47.40978   22.527    0.121   22.975    0.145   24.585    0.204   24.080   0.097   22.822    0.093   1.27   1.000e+07   1.000e+07   1.000e+07   5.128e+02   6.680e+02   3.846e+02    0.17   0.25   0.09     0.3764     0.2056    -0.4815    -0.1961     0.4188    12.09009       0.0     5   0.0  
  101   4800.000   4129.000   184.45522   47.40972   20.139    0.095   20.566    0.082   22.167    0.087   22.126   0.065   22.096    0.082   1.70   5.000e+06   5.000e+06   5.000e+06   1.094e+03   1.265e+03   1.015e+03    0.02   0.06    0.0    0.04601    0.13391   -0.11659   -0.08829    0.17401     3.47762   0.01522     5   3.0  
  102   4796.054   4127.941   184.45528   47.40971   20.982    0.100   21.256    0.088   22.881    0.103   22.763   0.086   22.548    0.122   1.63   1.500e+07   1.500e+07   5.000e+06   1.593e+03   1.720e+03   6.536e+02     0.0    0.1    0.0    0.01156    0.24406   -0.16554   -0.02484   -0.00844     3.09545   0.02572     5   4.0  
  103   4573.000   4132.057   184.45891   47.40976   21.613    0.099   22.020    0.093   23.459    0.098   23.581   0.078   23.417    0.126   1.23   5.000e+06   1.500e+07   5.000e+06   2.950e+02   8.045e+02   2.722e+02    0.02   0.07    0.0   -0.00468    0.10322    0.01472   -0.11998    0.27632     2.51301   0.05656     5   0.0  
  104   4878.233   4127.018   184.45393   47.40970   22.916    0.178   23.303    0.245   25.750    0.625   24.996   0.288   23.348    0.184   1.49   1.000e+07   2.000e+07   1.000e+07   1.476e+02   4.661e+02   1.476e+02     0.0   0.16    0.0    0.24768    0.35998   -1.01012   -0.32842    0.92258     7.80288     3e-05     5   0.0  
  105   4660.000   4124.000   184.45749   47.40966   21.636    0.106   22.102    0.105   22.956    0.097   22.877   0.067   22.773    0.090   1.40   8.000e+06   8.000e+06   6.000e+06   4.784e+02   8.072e+02   4.119e+02     0.0   0.19    0.0     0.0015    -0.0015    -0.0317     0.0246    -0.0141       0.089   0.96611     5   3.0  
  106   4609.479   4123.000   184.45831   47.40965   23.473    0.171   22.911    0.112   24.099    0.148   24.103   0.099   23.255    0.109   1.50   1.500e+07   2.000e+07   1.400e+07   1.413e+03   1.669e+03   1.067e+03    0.33   0.38   0.23   -0.23753    0.40677    0.13587   -0.12903    0.04157     4.79513   0.00242     5   0.0  
  107   3638.381   4122.690   184.47411   47.40965   24.883    0.616   24.544    0.479   24.604    0.162   23.869   0.073   22.629    0.072   1.78   8.000e+06   1.300e+10   5.000e+06   2.101e+03   5.404e+04   1.692e+03    0.78   1.08    0.0    0.09283   -0.07077   -0.01457    0.01163   -0.00747     0.02944    0.9932     5   0.0  
  108   5033.381   4122.306   184.45142   47.40965   24.124    0.445   23.415    0.192   23.579    0.107   23.334   0.067   23.040    0.100   1.51   9.000e+07   1.000e+08   7.000e+06   3.643e+03   4.226e+03   7.659e+02    0.18    0.4   0.12     -0.798     -0.069     0.1642     0.1496    -0.1861      5.8834   0.00052     5   0.0  
  109   4897.446   4121.312   184.45363   47.40963   20.907    0.099   21.561    0.088   23.243    0.108   23.272   0.075   23.880    0.177   1.23   5.000e+06   0.000e+00   0.000e+00   3.555e+02   0.000e+00   0.000e+00     0.0    0.0    0.0    0.37012    0.25762   -0.05598   -0.08118   -0.42738     9.04224     1e-05     5   0.0  
  110   1778.000   4121.000   184.50435   47.40963   99.999   99.999   25.029    0.576   26.821    0.965   24.804   0.088   22.579    0.068   1.96   1.500e+07   1.400e+10   7.000e+06   1.848e+04   2.551e+05   5.019e+03    1.45    1.5    0.6      200.0    1.19659   -0.70011    0.01588   -0.00332     1.32863   0.26484     4   0.0  
  111   4591.000   4119.000   184.45860   47.40961   23.842    0.305   23.947    0.301   23.979    0.143   23.398   0.089   22.199    0.090   1.58   5.000e+07   5.000e+08   6.000e+06   8.420e+03   1.466e+04   2.170e+03    0.55   0.92    0.1    0.25697   -0.18893    0.00167   -0.00573    0.01167     0.35126   0.78824     5   0.0  
  112   4697.051   4118.094   184.45688   47.40960   24.902    0.817   24.513    0.459   23.575    0.096   23.364   0.074   22.732    0.090   1.22   1.000e+09   1.000e+09   7.000e+08   1.153e+04   1.249e+04   8.319e+03     0.0   0.03    0.0    -0.4989    -0.6177     0.2454     0.0546    -0.1332      4.0394   0.00699     5   0.0  
  113   4943.000   4116.380   184.45288   47.40958   21.520    0.109   21.904    0.101   23.011    0.098   23.132   0.085   23.249    0.119   1.58   6.000e+06   6.000e+06   5.000e+06   3.857e+02   5.319e+02   3.567e+02    0.02    0.1    0.0   -0.03511    0.03459    0.04419   -0.01521   -0.03131     0.17325   0.91453     5   3.0  
  114   4264.239   4116.958   184.46393   47.40959   21.160    0.098   21.538    0.088   23.250    0.095   23.060   0.067   22.918    0.093   1.31   1.500e+07   1.500e+07   5.000e+06   1.183e+03   1.225e+03   4.420e+02     0.0   0.09    0.0    0.15666    0.28516   -0.21144    0.00126   -0.05534      5.5824    0.0008     5   0.0  
  115   4534.000   4115.178   184.45953   47.40957   22.779    0.150   23.331    0.187   24.390    0.167   24.398   0.174   23.526    0.191   1.36   1.000e+07   2.000e+07   9.000e+06   2.467e+02   7.486e+02   1.775e+02    0.04   0.19    0.0    0.08486   -0.02074   -0.03914   -0.15384    0.26306     0.92123   0.42951     5   0.0  
  116   4596.427   4115.000   184.45853   47.40956   23.543    0.254   24.152    0.372   24.047    0.120   24.455   0.181   23.060    0.097   1.35   3.000e+08   3.000e+08   2.000e+07   2.502e+03   2.883e+03   1.241e+03     0.0    0.4    0.0    0.64469   -0.01411    0.33209   -0.37191    0.00359     5.11829   0.00154     5   0.0  
  117   4920.497   4113.000   184.45325   47.40954   21.183    0.102   21.605    0.091   23.235    0.097   23.419   0.089   23.604    0.179   1.34   5.000e+06   5.000e+06   5.000e+06   3.403e+02   3.533e+02   3.403e+02     0.0   0.01    0.0    0.14134    0.26084   -0.00076   -0.18096   -0.10416     4.48273   0.00376     5   0.0  
  118   4477.000   4106.000   184.46046   47.40947   23.654    0.282   24.401    0.406   23.776    0.100   23.465   0.072   21.307    0.064   1.43   3.000e+08   3.000e+08   3.000e+08   3.187e+04   3.896e+04   2.577e+04     0.6   0.68   0.52    1.54526    0.02696    0.35086   -0.18044    0.09506     8.99603     1e-05     5   0.0  
  119   4725.896   4113.181   184.45642   47.40955   22.495    0.125   22.470    0.110   23.498    0.103   23.343   0.071   23.259    0.150   1.31   6.000e+06   6.000e+06   5.000e+06   6.049e+02   9.323e+02   4.984e+02    0.24   0.35   0.19   -0.08961    0.10469   -0.00431    0.02629   -0.10871     0.69938   0.55229     5   0.0  
  120   4828.000   4095.730   184.45476   47.40936   20.117    0.096   20.545    0.082   22.288    0.087   22.149   0.067   22.131    0.073   1.34   5.000e+06   5.000e+06   5.000e+06   1.063e+03   1.225e+03   9.883e+02    0.02   0.06    0.0    0.09941    0.18632   -0.20618   -0.07988    0.17041     6.11578   0.00037     5   2.0  
  121   4839.000   4090.000   184.45457   47.40929   21.723    0.106   21.951    0.098   23.242    0.101   22.927   0.075   23.274    0.147   1.94   4.000e+06   4.000e+06   3.000e+06   4.577e+02   5.628e+02   3.737e+02    0.12   0.19   0.07   -0.07893    0.08837    0.10186   -0.02943   -0.06943     0.88976   0.44547     5   4.0  
  122   4871.290   4098.536   184.45406   47.40939   24.203    0.345   23.492    0.198   23.874    0.117   23.384   0.072   22.592    0.085   1.82   6.000e+06   1.000e+09   5.000e+06   2.416e+03   1.283e+04   1.231e+03    0.71   0.79    0.0   -0.33219   -0.02359    0.08951    0.04231   -0.05629     0.87218    0.4546     5   4.0  
  123   4647.562   4083.000   184.45769   47.40921   20.788    0.097   20.126    0.081   20.261    0.084   19.569   0.063   18.495    0.061   1.74   7.000e+06   1.000e+08   6.000e+06   9.442e+04   4.677e+05   8.523e+04    0.79   0.95   0.54   -0.09172    0.04108    0.06208    0.06748   -0.06282     1.31315   0.26808     5   1.0  
  124   5442.000   4092.947   184.44478   47.40932   24.297    0.376   99.999   99.999   99.999   99.999   24.986   0.114   22.234    0.067   1.23   3.000e+08   1.400e+10   3.000e+07   4.122e+04   7.083e+05   2.483e+04    1.22    1.5   0.97    4.41963      200.0      200.0   -0.00407    0.00083     8.05693   0.00453     3   0.0  
  125   4266.501   4086.000   184.46388   47.40925   20.636    0.097   21.086    0.085   22.600    0.088   22.650   0.067   22.414    0.077   1.28   1.500e+07   1.500e+07   1.500e+07   1.872e+03   1.934e+03   1.872e+03     0.0   0.01    0.0    0.18279    0.23928   -0.05932   -0.08661   -0.04921      4.0362   0.00702     5   3.0  
  126   5779.000   4088.229   184.43929   47.40927   22.591    0.133   22.570    0.108   23.796    0.101   23.393   0.069   21.961    0.067   1.41   1.000e+07   1.000e+07   1.000e+07   1.996e+03   2.474e+03   1.698e+03    0.41   0.48   0.36    0.36457    0.36077   -0.16023   -0.18973    0.25557    12.33279       0.0     5   0.0  
  127   4551.000   4089.942   184.45926   47.40929   23.473    0.219   24.049    0.276   25.444    0.417   23.879   0.114   22.014    0.080   1.22   1.000e+07   2.000e+07   9.000e+06   6.144e+03   2.157e+04   4.694e+03    0.98   1.22   0.87    1.83479    0.56479   -0.64551   -0.04071    0.03819      7.9043     3e-05     5   0.0  
  128   4440.000   4082.000   184.46106   47.40920   19.960    0.095   19.794    0.081   20.088    0.083   19.583   0.062   18.614    0.061   1.42   8.000e+06   2.000e+08   7.000e+06   5.718e+04   2.726e+05   5.129e+04    0.56   0.62   0.16    0.04935   -0.02805   -0.00555   -0.00995    0.01045     0.14684   0.93175     5   1.0  
  129   4624.293   4074.265   184.45807   47.40912   24.116    0.279   22.721    0.124   22.190    0.086   22.060   0.065   21.400    0.069   1.22   1.000e+09   1.000e+09   1.000e+09   4.452e+04   4.847e+04   3.944e+04    0.07    0.1   0.03   -0.73966    0.06353    0.45663    0.12354   -0.13646    13.71249       0.0     5   4.0  
  130   4608.531   4077.376   184.45833   47.40915   24.872    0.600   99.999   99.999   99.999   99.999   24.454   0.147   22.191    0.074   1.33   1.000e+07   1.400e+10   7.000e+06   9.199e+03   3.961e+05   6.472e+03     1.3    1.5   0.59    1.97172      200.0      200.0   -0.03178    0.00622     2.35082   0.12522     3   0.0  
  131   4927.000   4076.250   184.45314   47.40914   22.206    0.111   22.838    0.130   24.238    0.155   24.169   0.095   23.101    0.104   1.41   1.000e+07   1.000e+07   1.000e+07   2.838e+02   3.392e+02   2.838e+02     0.0   0.05    0.0    0.24819    0.11549   -0.20761   -0.21091    0.46009     8.63029     1e-05     5   0.0  
  132   4512.117   4096.000   184.45990   47.40936   20.543    0.096   21.013    0.084   22.574    0.088   22.750   0.073   22.997    0.129   1.40   5.000e+06   5.000e+06   5.000e+06   6.069e+02   6.290e+02   6.069e+02     0.0   0.01    0.0    0.15331    0.22481    0.03221   -0.13999   -0.12519     4.47955   0.00378     5   4.0  
  133   4722.174   4062.000   184.45648   47.40898   21.377    0.100   21.250    0.084   21.516    0.084   21.238   0.063   20.583    0.062   1.88   9.000e+07   1.000e+08   7.000e+06   3.469e+04   3.831e+04   7.468e+03    0.25   0.46   0.19   -0.05354    0.00616    0.07406    0.03136   -0.04394     0.59886   0.61568     5   1.0  
  134   4739.000   4065.026   184.45621   47.40902   24.613    0.566   23.257    0.146   24.251    0.172   23.776   0.089   23.498    0.166   1.50   5.000e+06   6.000e+06   3.000e+06   1.150e+03   1.387e+03   6.117e+02    0.58   0.64   0.44   -0.91617    0.24953    0.10313    0.08743   -0.21747      4.0384     0.007     5   0.0  
  135   4143.000   4066.000   184.46590   47.40903   23.377    0.167   23.084    0.169   23.633    0.107   23.447   0.070   22.685    0.094   1.24   2.000e+08   2.000e+08   6.000e+06   3.384e+03   5.083e+03   7.991e+02     0.0   0.59    0.0   -0.11092    0.24289    0.01499   -0.01111   -0.00381     0.73123   0.53319     5   0.0  
  136   4967.750   4057.773   184.45248   47.40894   24.085    0.290   23.848    0.223   23.762    0.104   23.602   0.073   23.130    0.100   1.35   9.000e+07   1.000e+08   7.000e+07   3.504e+03   4.069e+03   2.952e+03    0.23    0.3   0.16   -0.39897   -0.20447    0.23353    0.09033   -0.13927     3.82706   0.00939     5   0.0  
  137   4562.114   4057.682   184.45908   47.40894   23.442    0.194   23.793    0.216   25.522    0.365   24.962   0.212   22.709    0.089   1.42   1.000e+07   3.000e+07   1.000e+07   2.687e+03   1.126e+04   1.699e+03    0.91   1.24   0.72     2.3288     1.3627    -0.1175    -0.4512     0.1126    15.28382       0.0     5   0.0  
  138   4368.000   4051.000   184.46223   47.40886   21.117    0.098   21.598    0.088   23.048    0.092   23.118   0.067   23.115    0.109   1.43   5.000e+06   5.000e+06   5.000e+06   4.088e+02   4.933e+02   4.088e+02     0.0   0.05    0.0    0.00849    0.06899   -0.01261   -0.07881    0.18599     1.51693   0.20781     5   0.0  
  139   4158.827   4051.208   184.46564   47.40887   26.482    3.280   99.999   99.999   25.375    0.314   24.984   0.151   22.693    0.087   1.43   3.000e+08   5.000e+09   7.000e+06   1.384e+04   9.681e+04   4.210e+03    0.82    1.5   0.66      200.0      200.0    0.57411   -0.08629    0.01231     2.38982   0.12213     3   0.0  
  140   4560.000   4094.459   184.45912   47.40934   99.999   99.999   25.091    0.799   24.147    0.148   23.841   0.091   22.594    0.081   1.32   6.000e+08   1.000e+09   7.000e+07   1.003e+04   2.095e+04   4.577e+03    0.21   0.63   0.12      200.0   -0.54415    0.18885   -0.05305    0.01385     1.26956   0.28095     4   0.0  
  141   3519.844   4025.753   184.47603   47.40858   22.308    0.116   21.751    0.090   21.783    0.085   21.078   0.063   19.956    0.061   1.78   8.000e+07   5.000e+08   7.000e+06   1.127e+05   1.239e+05   2.272e+04    0.62   0.83   0.22   -0.06977   -0.00456    0.00163    0.06584   -0.03236     0.56894   0.63542     5   1.0  
  142   4164.000   4024.000   184.46556   47.40857   24.576    0.621   99.999   99.999   24.813    0.245   24.416   0.146   22.344    0.085   1.47   3.000e+08   7.000e+08   9.000e+06   1.350e+04   3.753e+04   4.099e+03    0.62   1.29   0.49    1.68016      200.0    0.33006   -0.13414    0.02706     2.14938   0.11656     4   0.0  
  143   4059.000   4021.309   184.46725   47.40854   23.803    0.270   24.100    0.253   24.862    0.193   24.437   0.091   22.774    0.096   1.64   1.000e+07   2.000e+07   1.000e+07   1.617e+03   5.784e+03   1.147e+03    0.67    0.9   0.55    1.01988    0.38498    0.09108   -0.15322    0.15558      4.4649   0.00386     5   0.0  
  144   4474.942   4018.201   184.46049   47.40850   25.627    1.452   24.265    0.299   25.235    0.250   24.706   0.194   23.074    0.128   1.49   1.000e+07   3.000e+08   9.000e+06   1.412e+03   5.544e+03   9.318e+02     0.7   0.98   0.24      200.0    0.52017   -0.00904   -0.17703    0.05857     1.54625   0.21305     4   0.0  
  145   4257.494   4019.472   184.46404   47.40852   23.470    0.253   23.803    0.243   24.659    0.203   24.230   0.094   22.488    0.088   2.20   1.000e+07   2.000e+07   1.000e+07   2.321e+03   8.223e+03   1.667e+03    0.72   0.95    0.6    1.27399    0.54429    0.11079   -0.17581    0.14189     6.18771   0.00034     5   4.0  
  146   4149.320   4016.000   184.46579   47.40848   24.160    0.338   23.112    0.176   24.101    0.150   22.665   0.066   20.418    0.062   1.31   1.000e+07   2.000e+07   1.000e+07   4.358e+04   1.455e+05   3.635e+04    1.27   1.48    1.2    0.81069    0.84789   -0.22251   -0.02711    0.03579     5.74691   0.00063     5   4.0  
  147   4132.000   4023.681   184.46608   47.40856   22.720    0.138   22.769    0.115   23.314    0.101   23.220   0.070   22.838    0.120   1.69   9.000e+07   1.000e+08   6.000e+06   3.022e+03   3.600e+03   5.851e+02    0.04   0.41    0.0   -0.08386    0.06524    0.04384   -0.00086   -0.04636     0.34638   0.79179     5   3.0  
  148   4525.220   4012.916   184.45969   47.40844   23.811    0.232   25.291    0.794   26.446    0.874   24.914   0.149   22.608    0.088   1.44   1.000e+07   1.400e+10   7.000e+06   6.317e+03   2.463e+05   4.379e+03    1.31    1.5   0.66    3.50216    0.96896   -0.30424   -0.05204    0.01536     7.05512    0.0001     5   0.0  
  149   4262.623   4007.403   184.46394   47.40838   21.236    0.099   21.570    0.092   22.858    0.091   22.804   0.069   22.839    0.109   1.34   5.000e+06   6.000e+06   5.000e+06   7.587e+02   8.803e+02   5.056e+02    0.12   0.16   0.02   -0.01028    0.03942    0.01232   -0.02968    0.02062     0.14378   0.93369     5   4.0  
  150   4359.673   4006.000   184.46237   47.40837   24.312    0.384   24.149    0.335   23.930    0.114   23.713   0.083   22.311    0.075   1.65   3.000e+08   3.000e+08   2.000e+08   6.759e+03   9.093e+03   5.562e+03    0.19   0.38   0.12    0.00197   -0.12214    0.16677   -0.08133    0.02496     1.04377   0.37182     5   0.0  
  151   4220.000   4005.533   184.46465   47.40836   22.636    0.145   23.516    0.221   25.552    0.617   24.016   0.136   23.033    0.138   1.49   1.000e+07   1.100e+07   1.000e+07   5.075e+02   7.699e+02   3.483e+02    0.21   0.32   0.11    0.53437   -0.11963   -1.26903    0.01227    0.29457     9.17875       0.0     5   0.0  
  152   4037.678   4002.000   184.46761   47.40833   26.706    3.668   99.999   99.999   25.638    0.396   24.650   0.153   22.963    0.100   1.42   8.000e+06   1.400e+10   3.000e+06   2.603e+03   9.874e+04   1.593e+03    1.09    1.5   0.12      200.0      200.0    0.01191    0.00221   -0.00169     0.00139   0.97028     3   0.0  
  153   4468.000   3999.302   184.46062   47.40829   23.889    0.288   26.088    1.617   25.593    0.428   25.046   0.272   23.069    0.144   1.65   1.000e+07   6.000e+08   7.000e+06   1.780e+03   1.472e+04   8.694e+02    0.85   1.28   0.29    1.95506      200.0    0.00796   -0.28214    0.08906     5.82998   0.00294     4   0.0  
  154   4168.919   3996.570   184.46547   47.40826   24.537    0.576   24.614    0.599   25.513    0.501   24.294   0.132   23.162    0.153   1.61   5.000e+06   9.000e+09   2.000e+06   2.483e+03   2.929e+04   7.932e+02    0.97   1.21    0.0    0.76356    0.04306   -0.36064    0.01756    0.01096     0.55419   0.64529     5   0.0  
  155   4143.552   3990.000   184.46588   47.40819   21.311    0.099   21.472    0.088   22.410    0.087   22.344   0.065   22.188    0.079   1.59   6.000e+06   7.000e+06   6.000e+06   1.420e+03   1.577e+03   8.346e+02    0.21   0.24   0.06   -0.02395    0.02245    0.03045   -0.00225   -0.02185     0.10731   0.95585     5   4.0  
  156   4143.000   3988.000   184.46590   47.40817   21.354    0.101   21.425    0.087   22.384    0.087   22.372   0.065   22.256    0.078   1.46   6.000e+06   6.000e+06   6.000e+06   1.299e+03   1.443e+03   1.163e+03    0.19   0.22   0.16   -0.09725    0.06466    0.06965     -5e-05   -0.03065     0.76504   0.51346     5   4.0  
  157   3960.000   3982.998   184.46887   47.40812   23.217    0.158   23.408    0.191   23.834    0.107   23.463   0.071   22.631    0.090   1.64   4.000e+07   2.000e+08   8.000e+06   2.809e+03   4.591e+03   9.469e+02    0.26   0.51   0.03    0.03655   -0.10165    0.01565    0.01765   -0.02305     0.17063   0.91627     5   0.0  
  158   1494.000   3979.076   184.50897   47.40807   24.361    0.445   99.999   99.999   25.927    0.292   25.647   0.136   22.384    0.067   1.61   3.000e+08   1.400e+10   3.000e+08   5.554e+04   8.678e+05   4.375e+04     1.5    1.5   1.38    5.67914      200.0    1.33294   -0.11316    0.02074      6.8314   0.00108     4   0.0  
  159   4268.000   3978.000   184.46387   47.40806   21.610    0.102   21.975    0.092   23.379    0.105   23.574   0.085   23.269    0.126   1.66   1.500e+07   1.500e+07   1.400e+07   8.444e+02   8.759e+02   7.611e+02     0.0   0.01    0.0      0.073     0.2145     0.0259    -0.1464      -0.04     2.83944   0.03643     5   0.0  
  160   4132.000   3976.716   184.46608   47.40805   23.427    0.208   24.744    0.615   25.680    0.472   23.796   0.098   22.736    0.093   1.73   3.000e+06   4.000e+06   1.000e+06   3.271e+03   5.696e+03   2.460e+03    1.04   1.22   0.93    1.73185   -0.31465   -0.60975    0.00975    0.02385     6.91382   0.00012     5   0.0  
  161   3154.121   3970.000   184.48198   47.40797   23.967    0.328   24.265    0.409   25.476    0.330   24.356   0.098   23.254    0.096   1.45   1.000e+07   4.000e+07   3.000e+06   9.616e+02   3.294e+03   6.905e+02    0.54   1.03    0.4    0.60303    0.12193   -0.50247    0.06753   -0.00157     2.08824   0.09942     5   0.0  
  162   4405.000   3971.000   184.46164   47.40798   23.511    0.199   23.576    0.220   24.406    0.153   24.039   0.093   22.812    0.090   1.31   1.000e+07   2.000e+07   1.000e+07   1.091e+03   3.274e+03   8.788e+02    0.43   0.59   0.36    0.22715    0.11285   -0.03045   -0.11385    0.09805     1.36321   0.25195     5   0.0  
  163   4244.000   3970.000   184.46425   47.40797   21.279    0.099   21.806    0.100   23.473    0.111   23.160   0.074   22.683    0.097   1.58   1.500e+07   1.500e+07   1.500e+07   1.162e+03   1.393e+03   1.077e+03    0.02   0.07    0.0    0.18661    0.13961   -0.32999   -0.01119    0.23791     7.21937     8e-05     5   3.0  
  164   4117.000   3967.000   184.46632   47.40794   99.999   99.999   26.327    2.758   25.507    0.505   23.909   0.114   21.432    0.066   1.24   2.000e+09   1.400e+10   9.000e+06   2.237e+05   1.031e+06   1.896e+04    0.99    1.5   0.76      200.0      200.0    0.00449   -0.00521    0.00169     0.00283   0.95755     3   0.0  
  165   3710.772   3964.135   184.47293   47.40791   24.584    0.486   24.933    0.598   26.425    0.767   24.618   0.101   21.915    0.065   1.25   3.000e+08   1.400e+10   3.000e+07   5.265e+04   8.462e+05   3.150e+04    1.19    1.5   0.94    3.68666    1.94026   -0.38994    0.00376    0.00086     2.44065   0.06231     5   0.0  
  166   4518.650   3960.000   184.45979   47.40786   24.877    0.738   26.713    3.327   25.594    0.311   25.024   0.166   22.731    0.085   1.74   3.000e+08   4.000e+09   7.000e+06   1.314e+04   6.966e+04   3.853e+03    0.81    1.5   0.65    2.58424      200.0    0.37024   -0.10166    0.01304     1.61755   0.19838     4   0.0  
  167   4149.798   3959.000   184.46579   47.40785   23.029    0.162   23.189    0.193   24.384    0.179   23.924   0.105   23.613    0.143   1.29   5.000e+06   2.000e+07   3.000e+06   5.492e+02   1.065e+03   2.697e+02    0.36   0.43   0.08    0.07903   -0.00257   -0.15197    0.00843    0.05443     0.39871   0.75393     5   0.0  
  168   4267.000   3956.000   184.46388   47.40782   23.723    0.236   24.192    0.345   25.555    0.431   24.373   0.105   22.635    0.099   1.61   1.000e+07   3.000e+07   9.000e+06   2.593e+03   9.737e+03   1.740e+03    0.83   1.09   0.68    1.58802    0.59513   -0.44588   -0.08217    0.07782      5.7104   0.00066     5   0.0  
  169   4536.261   3954.000   184.45950   47.40779   24.116    0.292   99.999   99.999   26.003    0.617   24.253   0.102   22.890    0.101   1.37   3.000e+06   4.000e+07   1.000e+06   3.818e+03   7.141e+03   1.417e+03    1.22   1.44   0.63    1.98669      200.0   -0.34741   -0.02681    0.02579     5.15958   0.00574     4   0.0  
  170   4192.387   3951.000   184.46509   47.40776   24.098    0.330   23.553    0.179   23.671    0.117   23.517   0.076   22.521    0.083   1.24   4.000e+08   6.000e+08   6.000e+07   6.044e+03   8.054e+03   4.188e+03    0.03   0.43    0.0    -0.2494     0.1282     0.1166    -0.0575     0.0243     0.91947   0.43039     5   0.0  
  171   4114.946   3937.000   184.46635   47.40761   23.073    0.146   23.869    0.350   23.518    0.102   23.226   0.072   22.716    0.114   1.38   9.000e+07   2.000e+08   6.000e+07   4.465e+03   5.431e+03   3.706e+03    0.19   0.27    0.0    0.09571   -0.69289    0.04631    0.07001   -0.06409     3.16235   0.02347     5   0.0  
  172   4116.325   3931.000   184.46632   47.40754   22.837    0.139   22.821    0.121   23.429    0.100   23.217   0.077   22.388    0.089   1.60   1.300e+07   6.000e+07   9.000e+06   2.981e+03   4.786e+03   1.139e+03    0.42   0.48   0.16    0.00808   -0.01932    0.08568   -0.04632    0.01338     0.36933   0.77515     5   0.0  
  173   5954.571   3930.388   184.43643   47.40753   99.999   99.999   24.450    0.557   99.999   99.999   25.979   0.191   20.782    0.062   1.51   1.200e+10   1.200e+10   1.000e+10   1.149e+06   1.149e+06   1.043e+06     1.5    1.5   1.49      200.0    4.57084      200.0   -0.77866    1.15334    170.5065       0.0     3   0.0  
  174   3984.000   3925.000   184.46848   47.40747   24.008    0.329   99.999   99.999   25.493    0.356   23.925   0.077   22.036    0.070   1.27   5.000e+06   1.400e+10   3.000e+06   1.716e+04   2.563e+05   5.958e+03     1.5    1.5   0.42    2.45788      200.0   -0.23002   -0.00192    0.00938     4.63993   0.00966     4   0.0  
  175   4080.000   3920.000   184.46692   47.40742   21.055    0.102   21.021    0.092   22.333    0.093   22.122   0.075   21.818    0.082   1.38   5.000e+06   5.000e+06   5.000e+06   2.509e+03   2.889e+03   2.244e+03    0.29   0.33   0.26    -0.0414     0.1587   -0.04481    -0.0735     0.0673     1.54988   0.19932     5   4.0  
  176   4074.000   3917.000   184.46703   47.40739   21.313    0.107   21.417    0.097   22.973    0.111   22.946   0.097   22.429    0.114   1.24   1.500e+07   1.500e+07   1.400e+07   1.758e+03   2.045e+03   1.409e+03    0.06    0.1   0.01   -0.03989    0.28351   -0.11129   -0.11229    0.11841     3.44364   0.01595     5   0.0  
  177   4087.428   3908.389   184.46680   47.40729   19.933    0.096   19.929    0.083   21.152    0.086   20.615   0.065   20.146    0.065   2.08   5.000e+06   1.500e+07   5.000e+06   1.560e+04   2.519e+04   1.355e+04    0.45   0.48    0.3     0.1119     0.0832    -0.1751    -0.0153     0.0582     2.61838    0.0491     5   3.0  
  178   4068.000   3917.854   184.46712   47.40740   20.576    0.097   21.133    0.086   22.795    0.095   22.967   0.077   23.029    0.156   1.21   5.000e+06   5.000e+06   5.000e+06   5.223e+02   5.413e+02   5.223e+02     0.0   0.01    0.0    0.28343    0.26793   -0.02567   -0.19387    0.00593     7.30309     7e-05     5   0.0  
  179   4059.000   3910.623   184.46725   47.40732   22.387    0.137   22.159    0.103   23.746    0.128   23.494   0.085   22.588    0.097   1.59   1.500e+07   2.000e+07   1.000e+07   1.947e+03   2.388e+03   6.953e+02    0.25   0.31   0.12   -0.00876    0.40203   -0.19536   -0.13456    0.20934      6.7112   0.00016     5   0.0  
  180   4441.000   3903.112   184.46104   47.40723   24.216    0.332   24.642    0.340   24.070    0.132   23.777   0.075   22.633    0.080   1.71   4.000e+08   9.000e+08   9.000e+07   7.034e+03   1.405e+04   4.504e+03    0.17   0.53   0.06    0.35408   -0.41282    0.13958   -0.01972    0.00888     1.35917   0.25322     5   0.0  
  181   3792.705   3910.000   184.47159   47.40731   25.108    0.907   26.077    1.880   25.530    0.285   24.767   0.116   22.879    0.090   1.72   3.000e+08   1.400e+10   5.000e+06   7.838e+03   9.207e+04   2.139e+03    0.58   1.46   0.36    1.49001      200.0    0.03641   -0.02419    0.00971     0.43512   0.64719     4   0.0  
  182   3980.000   3894.912   184.46855   47.40715   22.540    0.127   23.455    0.183   23.815    0.120   23.707   0.085   23.187    0.120   1.64   4.000e+07   5.000e+07   3.000e+07   1.043e+03   1.447e+03   8.134e+02    0.01   0.09    0.0    0.19162   -0.35018    0.06022    0.01782    0.02462     2.44489   0.06196     5   0.0  
  183   3914.656   3891.000   184.46960   47.40710   23.939    0.312   24.905    0.548   24.580    0.154   24.262   0.094   22.941    0.083   1.61   3.000e+08   3.000e+08   1.000e+07   3.525e+03   5.090e+03   1.265e+03    0.15   0.64   0.06    0.82873   -0.37507    0.05593   -0.05527    0.02793     1.57302   0.19356     5   0.0  
  184   4056.000   3877.000   184.46732   47.40695   23.174    0.215   24.368    0.449   23.662    0.101   23.707   0.076   23.050    0.109   1.30   2.000e+08   2.000e+08   8.000e+07   2.648e+03   3.374e+03   2.290e+03     0.0   0.22    0.0    0.35837   -0.77483    0.25227   -0.00483   -0.10253     4.76695   0.00252     5   0.0  
  185   4059.379   3874.620   184.46725   47.40692   22.201    0.111   22.791    0.117   23.616    0.102   23.857   0.089   23.428    0.143   1.41   1.200e+07   2.000e+07   9.000e+06   4.139e+02   8.491e+02   2.879e+02     0.0    0.1    0.0    0.03283   -0.07017    0.15733   -0.09797    0.12333     1.50733   0.21034     5   0.0  
  186   5663.511   3871.996   184.44118   47.40689   23.549    0.213   23.343    0.136   23.307    0.094   22.560   0.064   21.360    0.064   1.77   8.000e+07   4.000e+08   7.000e+06   3.124e+04   3.599e+04   6.043e+03    0.64   0.86   0.28    0.20742   -0.10158   -0.04548    0.04252   -0.00578     0.69184   0.55688     5   1.0  
  187   4102.838   3864.243   184.46655   47.40681   22.343    0.122   22.692    0.115   23.815    0.106   23.879   0.079   24.256    0.248   1.39   6.000e+06   6.000e+06   5.000e+06   1.858e+02   2.885e+02   1.714e+02    0.02   0.13    0.0   -0.06508    0.03962    0.03322    0.03082   -0.24528     0.63037   0.59531     5   0.0  
  188   2863.000   3846.604   184.48671   47.40661   23.881    0.307   99.999   99.999   25.328    0.318   23.713   0.075   21.927    0.068   1.83   3.000e+06   1.500e+07   3.000e+06   1.462e+04   2.168e+04   6.702e+03     1.5    1.5   1.02    2.47994      200.0    0.03835   -0.03915    0.02854     5.27837    0.0051     4   0.0  
  189   3549.393   3848.971   184.47556   47.40664   99.999   99.999   25.204    0.926   24.586    0.132   23.617   0.074   22.439    0.074   1.77   1.100e+10   1.400e+10   2.000e+09   6.386e+04   8.264e+04   1.877e+04    0.03   0.17    0.0      200.0    -0.5302    -0.0476     0.0502     -0.023     0.60944   0.54365     4   0.0  
  190   1202.633   3844.751   184.51372   47.40659   20.688    0.097   26.139    2.376   26.029    1.194   26.011   0.289   21.586    0.063   1.75   1.200e+10   1.400e+10   1.000e+10   1.286e+06   1.453e+06   1.182e+06     1.5    1.5   1.48   10.50805      200.0      200.0   -0.93335    0.22665   161.99759       0.0     3   0.0  
  191   3818.000   3843.000   184.47118   47.40657   26.212    2.413   25.012    0.664   27.017    1.219   25.659   0.209   22.600    0.074   1.38   3.000e+08   1.400e+10   2.000e+08   4.208e+04   7.208e+05   2.813e+04    1.44    1.5   1.11      200.0    3.36776      200.0   -0.01054    0.00076     2.44116   0.11819     3   0.0  
  192   5332.701   3759.000   184.44655   47.40565   24.541    0.570   22.915    0.124   22.931    0.089   22.120   0.063   20.929    0.062   1.72   7.000e+09   1.300e+10   2.000e+09   1.796e+05   2.679e+05   7.502e+04     0.0    0.1    0.0   -0.40941    0.06239   -0.01241   -0.00021    0.00059     0.33998   0.79643     5   1.0  
  193   4275.891   3741.000   184.46373   47.40545   24.218    0.343   23.482    0.193   23.493    0.097   23.277   0.067   22.952    0.096   1.78   9.000e+07   1.000e+08   8.000e+07   4.365e+03   5.071e+03   3.848e+03    0.23    0.3   0.19   -0.77076   -0.07726    0.26375    0.17654   -0.20005     9.28527       0.0     5   1.0  
  194   5556.203   3645.436   184.44292   47.40440   24.055    0.298   23.978    0.246   23.859    0.109   23.295   0.066   22.256    0.066   1.65   5.000e+08   1.000e+09   7.000e+06   1.184e+04   2.159e+04   2.185e+03    0.16   0.74   0.07    0.24206   -0.08404   -0.06704    0.03046   -0.00394     0.42314   0.73641     5   1.0  
  195   2641.000   3640.457   184.49033   47.40434   22.038    0.108   22.120    0.098   23.408    0.096   22.784   0.064   21.573    0.063   1.34   1.000e+07   1.000e+07   1.000e+07   2.990e+03   3.497e+03   2.533e+03    0.39   0.44   0.34    0.35221     0.2702    -0.2947    -0.0852    0.16761     11.3817       0.0     5   4.0  
  196   3072.102   3591.000   184.48331   47.40380   24.806    0.617   24.530    0.464   24.369    0.132   24.061   0.075   22.734    0.072   2.07   3.000e+08   5.000e+08   2.000e+08   4.560e+03   8.744e+03   3.783e+03    0.18    0.4   0.11   -0.12794   -0.12674    0.11316   -0.03494    0.01086     0.34726   0.79115     5   0.0  
  197   1364.000   3537.000   184.51108   47.40320   25.082    1.440   26.210    3.268   25.044    0.322   25.600   0.176   20.875    0.062   1.82   1.200e+10   1.200e+10   1.200e+10   1.602e+06   1.602e+06   1.558e+06     1.5    1.5   1.49      200.0      200.0      2.119    -0.7608     0.6992    116.7185       0.0     3   0.0  
  198   1538.678   3518.214   184.50824   47.40299   22.014    0.106   22.213    0.097   23.748    0.102   23.518   0.074   22.634    0.074   1.79   1.000e+07   1.000e+07   1.000e+07   6.406e+02   7.333e+02   5.359e+02    0.09   0.13   0.04     0.1351     0.3169    -0.2227    -0.1426     0.2138     8.81791     1e-05     5   4.0  
  199   3492.000   3477.482   184.47649   47.40255   22.938    0.147   23.012    0.137   24.197    0.137   24.086   0.079   22.824    0.075   1.52   1.000e+07   2.000e+07   1.000e+07   7.111e+02   1.576e+03   5.862e+02    0.27   0.34   0.21    0.24876    0.32456   -0.02824   -0.22494    0.25036     8.47321     1e-05     5   0.0  
  200   2069.702   3381.247   184.49960   47.40149   24.463    0.392   24.902    0.579   30.562   27.903   25.780   0.194   22.722    0.069   1.71   3.000e+08   1.400e+10   2.000e+08   3.761e+04   6.443e+05   2.563e+04    1.44    1.5   1.13    5.65413    3.59953      200.0   -0.00977    0.00053     5.42755   0.00439     4   0.0  
  201   2581.000   3299.000   184.49129   47.40059   99.999   99.999   25.549    0.861   26.470    0.675   24.755   0.085   22.140    0.067   1.74   3.000e+07   1.400e+10   1.000e+07   2.923e+04   6.071e+05   1.203e+04     1.5    1.5   0.89      200.0     1.2415    -0.2127    -0.0155     0.0114     0.46078   0.63079     4   0.0  
  202   2795.370   3246.263   184.48781   47.40001   23.195    0.162   22.769    0.118   24.790    0.184   24.010   0.071   23.063    0.074   1.66   1.000e+07   1.500e+07   1.000e+07   6.655e+02   2.063e+03   5.697e+02    0.28   0.45   0.23    0.12742    0.69062   -0.50728   -0.04378    0.10212    11.26054       0.0     5   0.0  
  203   1568.096   3235.469   184.50777   47.39988   23.037    0.216   23.984    0.346   25.006    0.343   24.584   0.125   22.794    0.090   1.82   1.000e+07   3.000e+08   9.000e+06   2.081e+03   8.012e+03   1.398e+03    0.79   1.07   0.33    2.26324    0.83844    0.17494   -0.18386    0.08394     8.60578     1e-05     5   0.0  
  204   1570.000   3178.446   184.50774   47.39925   99.999   99.999   23.969    0.362   26.315    0.914   22.209   0.063   20.266    0.061   2.43   1.100e+10   1.400e+10   8.000e+09   2.346e+06   2.821e+06   1.889e+06    0.94   1.02   0.85      200.0    1.38949   -1.92311    0.44589   -0.08441    37.01219       0.0     4   0.0  
  205   6351.223   3177.000   184.42999   47.39923   25.075    0.850   24.189    0.408   99.999   99.999   25.537   0.169   21.151    0.062   2.40   1.200e+10   1.200e+10   1.000e+10   1.582e+06   1.582e+06   1.447e+06     1.5    1.5   1.49    5.89619    4.48429      200.0   -0.68421    0.43679     36.9625       0.0     4   0.0  
  206   1576.000   3169.939   184.50763   47.39916   23.002    0.189   23.263    0.184   20.006    0.083   26.148   0.293   99.999   99.999   2.01   5.000e+06   5.000e+06   5.000e+06   4.062e+01   4.460e+01   4.062e+01     0.0   0.03    0.0    0.63029    0.91079    5.53619   -0.60201      200.0    97.09377       0.0     4   0.0  
  207   2859.719   3148.684   184.48676   47.39893   22.530    0.129   22.719    0.131   24.165    0.128   23.897   0.071   23.283    0.098   1.77   1.000e+07   2.000e+07   1.000e+07   3.719e+02   1.105e+03   3.227e+02    0.06   0.21   0.02     0.0168     0.2479    -0.1756    -0.0315     0.0983     2.07277   0.10146     5   0.0  
  208   1628.915   3084.000   184.50677   47.39822   25.381    1.497   99.999   99.999   24.828    0.336   24.231   0.086   21.758    0.064   1.67   3.000e+08   1.400e+10   9.000e+06   4.439e+04   5.621e+05   1.462e+04     1.0    1.5   0.84      200.0      200.0    0.60392   -0.02498    0.00472     1.99219   0.15811     3   0.0  
  209   4082.543   3074.000   184.46687   47.39811   23.671    0.229   24.144    0.301   24.475    0.161   24.039   0.070   22.235    0.068   1.56   1.000e+07   3.000e+08   1.000e+07   3.781e+03   1.204e+04   2.983e+03    0.84   1.03   0.36    1.29324    0.28484    0.26673   -0.12507    0.08713     6.28135   0.00029     5   0.0  
  210   3241.509   3069.000   184.48056   47.39806   24.186    0.368   23.465    0.201   23.465    0.096   22.633   0.064   21.494    0.063   1.75   5.000e+09   1.100e+10   2.000e+09   8.163e+04   1.484e+05   3.775e+04     0.0    0.1    0.0     0.3597     0.0021    -0.0359     0.0268    -0.0151      0.3554   0.78524     5   1.0  
  211   4135.353   2938.807   184.46602   47.39662   22.386    0.129   22.972    0.136   23.953    0.124   23.436   0.072   22.228    0.071   1.59   1.000e+07   1.000e+07   1.000e+07   1.621e+03   1.941e+03   1.339e+03    0.38   0.44   0.32    0.60502    0.03132   -0.21748   -0.10598    0.15802     7.81016     3e-05     5   0.0  
  212   6490.781   2925.000   184.42773   47.39646   25.101    1.090   21.274    0.085   20.862    0.084   27.534   0.815   22.257    0.065   1.47   1.200e+10   1.400e+10   1.000e+10   7.069e+05   7.999e+05   6.373e+05     1.5    1.5   1.48      200.0    8.27391    7.18922   -1.80659    0.20541   185.19852       0.0     4   0.0  
  213   3499.460   2913.000   184.47636   47.39634   24.450    0.534   99.999   99.999   26.490    0.774   24.085   0.080   22.888    0.091   1.91   1.000e+06   2.000e+06   1.000e+06   5.406e+03   7.160e+03   3.781e+03    1.29   1.41   1.17    2.09094      200.0   -0.55306    0.00854    0.00174     1.94819   0.14253     4   0.0  
  214   5981.000   2848.000   184.43602   47.39562   25.793    1.322   24.370    0.294   25.009    0.179   24.277   0.084   21.874    0.066   1.62   3.000e+08   3.000e+08   1.000e+07   3.192e+04   4.522e+04   1.075e+04    0.88   1.49   0.78      200.0    1.47688    0.28228   -0.09502    0.03178     5.54372   0.00391     4   0.0  
  215   6136.857   2834.384   184.43349   47.39547   23.590    0.267   22.730    0.115   24.526    0.149   23.843   0.076   23.105    0.078   1.80   1.500e+07   1.500e+07   5.000e+06   1.902e+03   2.192e+03   8.499e+02     0.4   0.62    0.3   -0.23299    0.62251   -0.31979    0.04081    0.00081     8.14179     2e-05     5   0.0  
  216   1817.437   2726.000   184.50371   47.39428   25.663    1.268   23.765    0.202   20.692    0.084   25.603   0.190   27.228    1.510   1.47   5.000e+06   1.500e+07   5.000e+06   4.572e+01   1.570e+02   4.463e+01     0.0    0.1    0.0      200.0    0.28045    4.72185   -0.18535      200.0   165.39529       0.0     3   0.0  
  217   6620.000   2700.000   184.42563   47.39399   24.588    0.686   24.141    0.331   20.966    0.084   26.757   0.225   21.270    0.062   2.30   1.200e+10   1.200e+10   1.000e+10   6.077e+05   6.077e+05   5.512e+05     1.5    1.5   1.49    7.42202    5.57112    7.24942   -0.86538    1.35662    123.4686       0.0     5   0.0  
  218   1937.252   2523.154   184.50175   47.39204   24.482    0.527   23.738    0.292   25.260    0.544   21.297   0.063   25.383    0.299   1.47   1.000e+06   2.000e+06   1.000e+06   1.371e+02   1.775e+02   9.673e+01    0.21    0.3   0.12   -0.69471    0.30009    0.12519    3.16859   -0.46671    91.27737       0.0     5   0.0  
  219   3588.172   2446.000   184.47491   47.39120   23.105    0.169   23.808    0.267   24.405    0.154   23.766   0.067   22.216    0.066   1.71   1.000e+07   2.000e+07   1.000e+07   2.934e+03   7.168e+03   2.357e+03    0.68   0.76    0.6    1.13383    0.08123   -0.05677   -0.09637    0.08543     7.12464     9e-05     5   0.0  
  220   5966.556   2403.065   184.43625   47.39072   99.999   99.999   24.227    0.394   26.694    1.149   21.826   0.063   20.854    0.062   3.90   1.000e+06   1.000e+06   1.000e+06   3.740e+04   4.276e+04   3.242e+04    1.29   1.35   1.23      200.0   -0.78269      200.0    0.16741   -0.06439    15.68009     8e-05     3   0.0  
  221   5964.007   2401.000   184.43629   47.39070   20.326    0.096   23.683    0.232   29.448   10.723   21.298   0.063   21.272    0.062   1.24   1.000e+06   1.000e+06   1.000e+06   1.742e+04   1.948e+04   1.542e+04    1.03   1.08   0.98    3.34288   -0.72902      200.0    0.66588   -0.11562   101.37599       0.0     4   0.0  
  222   2042.000   2368.405   184.50005   47.39034   22.503    0.157   22.694    0.126   26.167    1.094   21.506   0.063   22.278    0.065   1.40   1.000e+06   1.000e+06   1.000e+06   3.142e+03   3.409e+03   2.791e+03    0.55   0.58   0.51    0.03339   -0.32241      200.0    0.71098   -0.13271    41.09889       0.0     4   0.0  
  223   5667.000   2261.874   184.44113   47.38917   99.999   99.999   28.572   24.310   24.655    0.185   24.097   0.077   21.921    0.064   1.24   3.000e+08   5.000e+08   2.000e+08   2.490e+04   5.583e+04   2.013e+04    0.75    1.0   0.66      200.0      200.0    0.36486   -0.06154    0.02036     3.58101   0.05844     3   0.0  
  224   5651.593   2243.356   184.44138   47.38897   24.625    0.919   99.999   99.999   21.094    0.084   21.628   0.063   99.999   99.999   1.43   1.000e+09   1.000e+09   8.000e+08   1.388e+05   2.020e+05   1.036e+05    0.25   0.38   0.16   -1.35795      200.0    1.06985   -0.08725      200.0    76.36391       0.0     3   0.0  
  225   5609.000   2230.000   184.44206   47.38882   24.959    0.997   27.574    9.458   18.535    0.083   23.758   0.070   99.999   99.999   2.89   1.000e+09   1.400e+10   1.000e+06   8.721e+03   6.040e+05   8.536e+02    0.01    1.5    0.0   -0.18967      200.0    5.63043   -0.00307      200.0   169.24104       0.0     3   0.0  
  226   2317.000   1908.000   184.49557   47.38528   25.043    1.076   99.999   99.999   24.564    0.282   22.075   0.063   22.842    0.072   1.39   1.000e+06   1.000e+06   1.000e+06   1.409e+03   1.659e+03   1.182e+03     0.4   0.47   0.33      200.0      200.0   -0.90674    0.50556   -0.10274    68.64484       0.0     3   0.0  
  227   3898.245   1823.200   184.46988   47.38435   25.688    1.233   99.999   99.999   26.393    0.559   24.706   0.083   21.781    0.063   1.62   4.000e+08   1.400e+10   2.000e+08   1.367e+05   1.229e+06   6.224e+04    1.47    1.5   1.12      200.0      200.0    0.00316   -0.00464    0.00266     0.00495   0.94392     3   0.0  
  228   2454.000   1694.000   184.49335   47.38292   24.941    0.938   26.030    1.982   19.236    0.083   26.016   0.222   27.788    3.910   1.60   7.000e+06   1.400e+10   1.000e+06   2.881e+01   6.068e+05   1.618e+01    0.06    1.5    0.0   -0.07528      200.0    6.81302   -0.00978      200.0   170.47052       0.0     3   0.0  
  229   2439.139   1679.386   184.49359   47.38276   23.716    0.248   18.522    0.080   99.999   99.999   26.582   0.457   24.921    0.292   1.57   1.500e+07   2.000e+07   5.000e+06   8.417e+01   1.232e+02   2.734e+01     0.0   0.12    0.0    0.47053    6.17103      200.0   -0.65087    0.81153    96.46777       0.0     4   0.0  
  230   4488.000   1674.803   184.46030   47.38271   99.999   99.999   25.427    1.051   20.673    0.083   26.421   0.129   26.194    0.361   1.29   1.500e+07   1.000e+08   1.000e+06   5.435e+01   2.494e+02   1.442e+01     0.0   0.87    0.0      200.0      200.0    5.71036   -0.01494    0.01346   169.34605       0.0     3   0.0  
  231   4362.069   1626.966   184.46234   47.38218   24.863    1.244   24.264    0.494   27.522    2.938   22.563   0.064   24.978    0.236   1.26   1.000e+06   1.000e+06   1.000e+06   1.974e+02   2.393e+02   1.582e+02    0.09   0.16   0.02      200.0    -1.2348      200.0     1.0974    -0.6824   154.29594       0.0     3   0.0  
  232   4288.000   1594.000   184.46355   47.38182   29.813   85.483   23.619    0.286   25.299    0.229   26.385   0.373   20.417    0.061   1.36   1.200e+10   1.200e+10   1.000e+10   1.290e+06   1.290e+06   1.169e+06     1.5    1.5   1.49      200.0    5.27603    2.09933   -1.31047    1.39253   121.30107       0.0     4   0.0  
  233   4063.000   1480.569   184.46719   47.38057   23.335    0.237   24.454    0.644   26.435    0.946   23.603   0.071   20.237    0.061   3.79   1.200e+10   1.400e+10   3.000e+09   5.248e+06   5.923e+06   1.872e+06     1.5    1.5   1.45    6.33425    2.91734   -0.56036   -0.05216    0.04884     8.37054     1e-05     5   0.0  
  234   2902.000   1312.822   184.48607   47.37873   23.197    0.139   22.959    0.128   24.046    0.112   23.179   0.067   21.856    0.067   1.60   1.000e+07   1.500e+07   1.000e+07   3.550e+03   9.784e+03   3.036e+03    0.59   0.72   0.54    0.26995    0.26485   -0.28105   -0.00975    0.07155     5.20641   0.00136     5   4.0  
  235   3630.000   1270.000   184.47424   47.37826   99.999   99.999   99.999   99.999   20.800    0.084   26.019   0.245   26.316    0.786   2.00   6.000e+06   1.000e+08   1.000e+06   2.624e+01   2.265e+02   1.738e+01     0.0   0.54    0.0      200.0      200.0    5.08909   -0.05171   -0.21851   164.13345       0.0     3   0.0  
