    1   2861.093    239.000   75.84400   -25.46084   99.999   99.999   17.461    0.099   25.137    0.319   20.293   0.154   27.150   2.050   1.88   1.400e+10   1.400e+10   2.000e+09   2.361e+07   2.361e+07   3.788e+06     1.5    1.5   1.27      200.0     8.8467    -0.3402     2.1759      200.0   158.97392       0.0     3   0.0   0.0   0   0  
    2   3228.928   5546.503   75.83952   -25.40242   20.688    0.115   20.924    0.112   22.139    0.153   21.966   0.160   21.433   0.053   2.00   1.500e+07   2.000e+07   9.000e+06   8.933e+03   9.715e+03   2.760e+03    0.18   0.21   0.04    0.01908    0.05508   -0.10712   -0.06482    0.00738     0.33064   0.80321     5   4.0   1.0   4   0  
    3   3220.000   5548.355   75.83963   -25.40240   21.363    0.114   21.502    0.115   22.569    0.149   22.336   0.157   21.659   0.041   2.10   1.500e+07   2.000e+07   9.000e+06   8.644e+03   9.315e+03   2.690e+03    0.28   0.31   0.15    0.01786    0.02386   -0.08074   -0.06504    0.00656     0.19679   0.89863     5   4.0   1.0   4   0  
    4   3507.417   5496.000   75.83613   -25.40298   22.957    0.170   22.736    0.139   23.633    0.155   22.894   0.155   21.887   0.039   1.86   1.000e+07   2.000e+07   9.000e+06   4.522e+03   1.334e+04   3.745e+03    0.48   0.64   0.45   -0.01661    0.09399   -0.16171    0.08169    0.00259     0.65229    0.5814     5   4.0   1.0   4   0  
    5   2528.440   4842.419   75.84805   -25.41017   16.893    0.103   15.498    0.099   15.923    0.143   16.170   0.154   15.116   0.030   1.76   9.000e+08   1.000e+09   6.000e+06   1.591e+07   1.719e+07   3.653e+06     0.0   0.78    0.0    -0.0539     0.8811     0.3865    -0.2489     -0.016    15.40063       0.0     5   4.0   1.0   4   0  
    6   3663.000   4558.078   75.83423   -25.41330   20.063    0.104   17.144    0.099   16.520    0.143   16.367   0.154   15.066   0.030   1.74   1.400e+10   1.400e+10   1.100e+10   1.438e+08   1.532e+08   1.338e+08    0.28   0.33   0.26   -0.23603    1.06047    1.28987    0.32007   -0.01383    28.16225       0.0     5   4.0   1.0   4   0  
    7   3661.000   4556.849   75.83426   -25.41332   20.053    0.104   17.144    0.099   16.515    0.143   16.379   0.154   15.116   0.030   1.89   1.400e+10   1.400e+10   1.100e+10   1.353e+08   1.441e+08   1.259e+08    0.27   0.31   0.24   -0.22022    1.07618    1.31968    0.34218   -0.01612    28.50709       0.0     5   4.0   1.0   4   0  
    8   1654.355   4561.193   75.85870   -25.41327   24.237    0.603   23.936    0.193   23.491    0.148   22.464   0.155   26.514   1.281   1.38   3.000e+08   1.400e+10   6.000e+06   1.712e+05   1.295e+06   2.527e+04    0.78    1.5   0.06      200.0    0.01001   -0.00959    0.00431      200.0     0.00767   0.93021     3   0.0   0.0   0   0  
    9   2422.172   4546.630   75.84935   -25.41343   23.396    0.226   23.414    0.178   23.005    0.152   21.486   0.157   19.670   0.037   1.74   4.000e+07   3.000e+08   6.000e+06   2.805e+05   5.908e+05   1.088e+05    1.14    1.5   0.77    0.79086   -0.19714   -0.04994    0.28286   -0.00354      3.4296   0.01626     5   4.0   1.0   4   0  
   10   3374.000   4295.949   75.83775   -25.41619   22.528    0.146   22.926    0.153   24.033    0.176   23.413   0.157   22.436   0.043   1.79   1.000e+07   2.000e+07   1.000e+07   2.066e+03   4.546e+03   1.874e+03    0.33   0.39   0.29    0.31266   -0.01084   -0.34014   -0.08104    0.02336     3.06465   0.02682     5   4.0   1.0   4   0  
   11   4017.330   4255.000   75.82991   -25.41664   22.367    0.125   22.335    0.118   23.389    0.155   22.969   0.156   22.889   0.050   1.31   5.000e+06   6.000e+06   3.000e+06   1.699e+03   1.838e+03   1.138e+03    0.36    0.4   0.25   -0.05495    0.05545    0.04705    0.16745   -0.01755     0.53868   0.65576     5   2.0   2.0   4   0  
   12   1256.164   4235.000   75.86356   -25.41686   20.213    0.104   22.891    0.170   23.076    0.148   21.570   0.154   18.786   0.031   1.52   1.000e+07   4.000e+07   1.000e+07   4.295e+05   1.141e+06   4.127e+05     1.5    1.5   1.45    4.10864    0.18134   -0.29686   -0.25906    0.02904    38.27796       0.0     5   4.0   4.0   4   0  
   13   4150.000   3974.000   75.82829   -25.41973   21.813    0.115   22.120    0.120   23.732    0.163   23.333   0.157   23.641   0.077   1.67   3.000e+06   4.000e+06   3.000e+06   4.165e+02   4.748e+02   3.698e+02    0.08   0.12   0.03    -0.0349    0.08389    -0.0336    -0.0681     0.0117      0.2716   0.84592     5   3.0   1.0   1   0  
   14   3992.111   3898.734   75.83022   -25.42056   23.689    0.263   23.284    0.222   23.594    0.159   23.465   0.159   22.897   0.063   1.60   9.000e+07   2.000e+08   6.000e+06   5.503e+03   6.345e+03   1.080e+03     0.2   0.58    0.0    -0.2536     0.1463     0.2154     0.0675     -0.023     1.12505   0.33732     5   2.0   2.0   4   0  
   15   4018.382   3832.372   75.82990   -25.42129   22.800    0.151   22.973    0.166   24.252    0.198   23.694   0.165   23.004   0.067   1.46   1.000e+07   2.000e+07   9.000e+06   1.001e+03   2.935e+03   8.142e+02    0.21   0.36   0.17    0.06232    0.11532   -0.27708    0.02622    0.01552     1.07133   0.35979     5   0.0   0.0   0   0  
   16   3703.099   3817.000   75.83374   -25.42146   22.910    0.170   23.543    0.214   23.504    0.157   23.483   0.158   22.973   0.062   1.68   1.000e+08   1.000e+08   8.000e+06   3.998e+03   4.786e+03   9.112e+02    0.07   0.29   0.02    0.17079    -0.3222    0.18069    0.02439   -0.00121     1.69476   0.16573     5   4.0   1.0   4   0  
   17   3969.248   3773.490   75.83050   -25.42194   21.188    0.108   21.766    0.114   22.985    0.152   23.305   0.167   23.186   0.104   1.62   5.000e+06   6.000e+06   5.000e+06   6.556e+02   7.915e+02   5.764e+02    0.03   0.08    0.0    0.04788   -0.02842    0.09408   -0.24682    0.08968      1.3473   0.25697     5   4.0   1.0   4   0  
   18   3979.093   3765.879   75.83038   -25.42202   20.807    0.107   21.235    0.107   23.149    0.158   23.405   0.168   23.853   0.186   1.52   5.000e+06   0.000e+00   0.000e+00   5.633e+02   0.000e+00   0.000e+00     0.0    0.0    0.0     0.4003     0.5138    -0.0318     -0.284    -0.4702    12.73565       0.0     5   4.0   1.0   4   0  
   19   3977.000   3759.503   75.83041   -25.42209   19.857    0.104   20.351    0.101   22.071    0.146   22.383   0.156   22.861   0.082   1.53   3.000e+06   5.000e+06   3.000e+06   9.243e+02   1.162e+03   9.243e+02     0.0    0.0    0.0    0.54109    0.57819    0.42349   -0.25601   -0.22542    18.33728       0.0     5   3.0   1.0   3   0  
   20   3774.830   3727.203   75.83287   -25.42245   21.811    0.116   21.772    0.114   22.711    0.149   22.675   0.157   22.121   0.051   1.63   6.000e+06   2.000e+07   5.000e+06   2.672e+03   5.896e+03   1.630e+03    0.33   0.44   0.15   -0.01603    0.07927   -0.02173   -0.18753    0.01767     0.76955   0.51087     5   4.0   1.0   4   0  
   21   4533.000   3721.099   75.82363   -25.42251   19.556    0.104   19.855    0.100   21.626    0.144   21.850   0.155   21.964   0.037   1.50   5.000e+06   0.000e+00   0.000e+00   2.155e+03   0.000e+00   0.000e+00     0.0    0.0    0.0    0.19436    0.43686    0.03426   -0.18594   -0.03814     6.24337   0.00031     5   4.0   1.0   4   0  
   22   4534.000   3718.000   75.82362   -25.42255   19.558    0.104   19.853    0.100   21.566    0.144   21.756   0.154   21.838   0.035   1.38   5.000e+06   5.000e+06   5.000e+06   2.379e+03   2.435e+03   2.379e+03     0.0   0.01    0.0    0.08504    0.33153   -0.01306   -0.19927   -0.01946     3.70683   0.01109     5   3.0   1.0   4   0  
   23   3820.000   3713.923   75.83231   -25.42259   21.689    0.117   22.113    0.122   23.171    0.163   22.749   0.158   21.181   0.035   1.45   1.000e+07   1.000e+07   1.000e+07   8.350e+03   9.323e+03   7.601e+03    0.48   0.53   0.44    0.58557    0.05116   -0.36553   -0.43914    0.04276    11.80269       0.0     5   3.0   1.0   4   0  
   24   4394.898   3712.696   75.82531   -25.42261   21.216    0.109   21.634    0.108   22.976    0.150   23.283   0.157   23.490   0.110   1.38   5.000e+06   5.000e+06   5.000e+06   5.548e+02   5.968e+02   5.548e+02     0.0   0.02    0.0    0.00791     0.1314    0.15781    -0.1454   -0.09059     1.33223   0.26182     5   4.0   1.0   4   0  
   25   3794.000   3708.000   75.83263   -25.42266   22.719    0.170   22.753    0.161   23.951    0.208   23.274   0.165   21.706   0.045   1.40   1.000e+07   2.000e+07   1.000e+07   6.149e+03   1.692e+04   5.481e+03    0.58   0.71   0.53    0.51853    0.25343   -0.39448   -0.30398    0.03643     6.07807   0.00039     5   4.0   1.0   4   0  
   26   3836.000   3697.492   75.83212   -25.42277   25.013    0.885   23.879    0.353   23.944    0.201   23.719   0.179   23.344   0.126   1.41   6.000e+06   1.000e+08   5.000e+06   9.119e+02   3.812e+03   3.979e+02    0.35   0.54    0.0      200.0      200.0   -0.00329    0.00261      1e-05     0.00048    0.9825     3   0.0   0.0   0   0  
   27   4298.219   3694.932   75.82649   -25.42280   20.749    0.105   21.218    0.103   22.530    0.147   22.672   0.155   22.615   0.043   1.39   5.000e+06   6.000e+06   5.000e+06   1.273e+03   1.380e+03   9.547e+02    0.07    0.1    0.0    0.02328    0.00337   -0.00293   -0.19923    0.01648     0.72814   0.53503     5   4.0   1.0   4   0  
   28   3750.000   3687.344   75.83317   -25.42289   22.952    0.171   22.570    0.133   22.933    0.151   22.750   0.156   22.433   0.070   1.32   6.000e+06   1.000e+08   6.000e+06   2.809e+03   8.685e+03   1.570e+03    0.49   0.53    0.1   -0.19812    0.04348    0.37427    0.21598   -0.04523     2.70823    0.0435     5   4.0   1.0   4   0  
   29   3728.297   3683.952   75.83344   -25.42292   21.212    0.114   21.511    0.112   22.933    0.155   23.266   0.163   23.115   0.115   1.46   5.000e+06   6.000e+06   5.000e+06   6.988e+02   8.464e+02   6.142e+02    0.03   0.08    0.0   -0.04544    0.15726    0.07676   -0.27714    0.09136     2.14497   0.09227     5   4.0   1.0   2   0  
   30   3267.532   3681.000   75.83905   -25.42295   22.462    0.139   22.531    0.127   23.608    0.158   23.290   0.156   22.147   0.036   1.49   1.000e+07   2.000e+07   1.000e+07   2.762e+03   7.626e+03   2.514e+03    0.34   0.47    0.3    0.12675    0.11975   -0.18865   -0.24045    0.01565     2.13364   0.09365     5   1.0   2.0   4   0  
   31   3719.823   3680.000   75.83353   -25.42297   21.412    0.119   21.891    0.137   23.336    0.189   23.282   0.167   23.379   0.150   1.72   5.000e+06   5.000e+06   5.000e+06   5.807e+02   7.088e+02   4.892e+02    0.04   0.09    0.0       0.02     0.0295    -0.0829    -0.0582     0.0476     0.16838   0.91776     5   4.0   1.0   2   0  
   32   3079.260   3672.000   75.84135   -25.42305   20.225    0.106   20.761    0.105   22.458    0.149   22.798   0.156   23.155   0.068   1.55   5.000e+06   5.000e+06   3.000e+06   8.225e+02   8.225e+02   6.553e+02     0.0    0.0    0.0    0.57131    0.57681    0.24821   -0.08799   -0.18319     15.6321       0.0     5   3.0   1.0   4   0  
   33   3737.423   3667.000   75.83332   -25.42311   20.983    0.109   21.144    0.105   22.674    0.148   22.364   0.158   22.545   0.080   1.40   3.000e+06   5.000e+06   3.000e+06   1.248e+03   1.679e+03   1.106e+03    0.13   0.17   0.08   -0.07631    0.12349    0.04379   -0.12131    0.01009     0.84047   0.47143     5   4.0   1.0   2   0  
   34   3035.772   3667.010   75.84187   -25.42311   21.191    0.112   21.604    0.112   23.244    0.155   23.054   0.157   23.595   0.087   1.47   3.000e+06   3.000e+06   3.000e+06   4.210e+02   4.347e+02   4.210e+02     0.0   0.01    0.0    0.06105    0.17915    0.10445   -0.07305   -0.10545      1.5732   0.19352     5   2.0   2.0   2   0  
   35   3072.504   3657.000   75.84142   -25.42322   20.589    0.110   21.242    0.112   22.987    0.165   23.225   0.177   23.494   0.095   1.30   5.000e+06   0.000e+00   0.000e+00   6.190e+02   0.000e+00   0.000e+00     0.0    0.0    0.0    0.51586    0.40436    0.02776   -0.20644   -0.21364    10.29099       0.0     5   4.0   1.0   4   0  
   36   3070.437   3648.377   75.84145   -25.42332   18.649    0.104   18.989    0.100   20.588    0.144   20.828   0.154   20.933   0.033   1.34   5.000e+06   5.000e+06   5.000e+06   5.483e+03   5.607e+03   5.483e+03     0.0   0.01    0.0     0.0877     0.2892     0.0586    -0.1776    -0.0208     3.07777   0.02634     5   3.0   2.0   4   0  
   37   3017.860   3656.000   75.84209   -25.42323   22.547    0.136   22.365    0.117   23.802    0.166   22.799   0.155   23.138   0.065   1.69   2.000e+06   2.000e+06   1.000e+06   1.189e+03   1.383e+03   1.048e+03    0.32   0.35   0.27   -0.12244    0.17397    0.00117    0.09207   -0.02283     1.08197   0.35524     5   2.0   2.0   1   0  
   38   3912.000   3625.233   75.83120   -25.42357   22.826    0.140   22.710    0.156   24.265    0.204   23.584   0.167   22.641   0.076   1.57   1.000e+07   2.000e+07   1.000e+07   1.545e+03   4.566e+03   1.359e+03    0.29   0.44   0.25    0.07553    0.31613   -0.42487   -0.06927    0.05833     3.53367   0.01409     5   0.0   0.0   0   0  
   39   3844.000   3626.000   75.83202   -25.42356   25.713    2.263   24.655    0.986   24.074    0.218   23.818   0.178   23.103   0.119   1.40   1.000e+07   1.000e+09   5.000e+06   9.447e+02   1.268e+04   5.995e+02    0.22   0.71    0.0      200.0      200.0    0.00623   -0.00127   -0.00127     0.00098   0.97506     3   0.0   0.0   0   0  
   40   3718.290   3624.183   75.83356   -25.42358   21.510    0.115   21.750    0.114   22.957    0.153   23.553   0.183   24.138   0.376   1.68   5.000e+06   1.500e+07   5.000e+06   4.970e+02   1.753e+03   4.737e+02    0.01   0.09    0.0   -0.10225    0.18595    0.33835   -0.26205      200.0     4.67452   0.00933     4   0.0   0.0   0   0  
   41   4530.239   3614.000   75.82366   -25.42369   19.310    0.104   17.430    0.099   17.503    0.143   17.110   0.154   16.097   0.029   1.32   6.000e+09   7.000e+09   5.000e+09   2.107e+07   2.358e+07   1.758e+07     0.0   0.01    0.0   -0.11631    0.64329    0.52279    0.13219   -0.02591    11.77276       0.0     5   4.0   1.0   4   0  
   42   3661.415   3615.372   75.83425   -25.42368   19.577    0.106   19.782    0.101   21.130    0.146   21.280   0.156   21.095   0.039   1.68   5.000e+06   1.500e+07   5.000e+06   5.904e+03   9.160e+03   4.082e+03    0.14   0.16    0.0   -0.02078    0.13202    0.02692   -0.23578    0.00512     1.48456   0.21646     5   3.0   1.0   4   0  
   43   3658.000   3613.260   75.83429   -25.42370   19.946    0.111   20.136    0.104   21.329    0.148   21.527   0.159   20.916   0.039   1.59   1.500e+07   2.000e+07   1.000e+07   1.298e+04   1.398e+04   4.773e+03    0.12   0.15    0.0   -0.02871    0.13059    0.04459   -0.23251    0.00479     1.40983   0.23772     5   4.0   1.0   4   0  
   44   3975.916   3619.622   75.83041   -25.42363   23.582    0.228   23.139    0.205   23.769    0.175   23.564   0.160   23.243   0.077   1.32   6.000e+06   1.000e+08   5.000e+06   1.213e+03   3.880e+03   6.790e+02    0.44   0.55   0.04   -0.23231    0.13109       0.24     0.1476   -0.03811     1.38827   0.24421     5   0.0   0.0   0   0  
   45   3599.411   3617.057   75.83501   -25.42366   23.488    0.286   23.373    0.203   24.141    0.210   23.530   0.160   22.865   0.067   1.61   5.000e+06   8.000e+07   3.000e+06   2.823e+03   6.099e+03   1.168e+03    0.65   0.72    0.2    0.10417   -0.05463   -0.03813    0.02047    0.00207     0.08265    0.9695     5   4.0   1.0   4   0  
   46   3207.337   3614.000   75.83978   -25.42369   20.799    0.109   21.201    0.109   22.868    0.150   22.817   0.157   23.027   0.092   1.77   5.000e+06   5.000e+06   5.000e+06   7.997e+02   8.582e+02   7.997e+02     0.0   0.02    0.0    0.02789    0.16739   -0.13121   -0.07641   -0.02461     1.09364   0.35031     5   3.0   1.0   4   0  
   47   3201.000   3605.000   75.83986   -25.42379   20.882    0.109   21.197    0.109   22.912    0.160   22.774   0.155   23.276   0.097   1.86   3.000e+06   5.000e+06   3.000e+06   5.725e+02   7.200e+02   5.725e+02     0.0   0.01    0.0    0.03622    0.25231    0.10261   -0.12689   -0.12028     2.40695   0.06518     5   4.0   1.0   4   0  
   48   3199.000   3612.285   75.83988   -25.42371   20.105    0.107   20.528    0.106   22.122    0.149   22.225   0.155   22.639   0.086   1.55   5.000e+06   5.000e+06   3.000e+06   1.320e+03   1.320e+03   1.045e+03     0.0    0.0    0.0    0.17784    0.29634    0.07074   -0.02846   -0.18066     4.60168   0.00318     5   3.0   1.0   4   0  
   49   3198.000   3607.436   75.83990   -25.42377   20.369    0.105   20.865    0.107   22.325    0.146   22.333   0.157   22.573   0.062   1.49   5.000e+06   5.000e+06   5.000e+06   1.202e+03   1.279e+03   1.202e+03     0.0   0.02    0.0    0.01578    0.06128   -0.03032   -0.03452   -0.01272     0.15639   0.92561     5   4.0   1.0   4   0  
   50   4249.000   3612.354   75.82709   -25.42371   20.733    0.106   21.014    0.104   22.670    0.150   22.781   0.156   22.716   0.058   1.31   5.000e+06   5.000e+06   5.000e+06   1.066e+03   1.168e+03   9.654e+02    0.03   0.06    0.0   -0.02455    0.19615   -0.11835   -0.25025    0.03225     2.42721   0.06344     5   4.0   1.0   4   0  
   51   3687.692   3609.000   75.83393   -25.42375   22.310    0.165   22.579    0.194   24.302    0.265   23.083   0.163   23.082   0.085   1.73   2.000e+06   4.000e+06   1.000e+06   1.192e+03   1.448e+03   9.428e+02    0.34   0.43   0.28    0.23876    0.05936   -0.41694   -0.12674    0.06776     2.24409   0.08094     5   2.0   1.0   2   0  
   52   3243.891   3610.439   75.83934   -25.42373   22.580    0.142   22.984    0.168   23.453    0.153   23.536   0.156   22.928   0.061   1.36   5.000e+07   1.000e+08   7.000e+06   2.747e+03   4.073e+03   7.654e+02    0.06   0.28    0.0    0.05813   -0.07967    0.11863   -0.11937    0.00743     0.53645   0.65727     5   0.0   0.0   0   0  
   53   4315.282   3602.594   75.82628   -25.42382   20.971    0.111   21.210    0.105   22.247    0.146   22.403   0.157   22.125   0.046   2.01   6.000e+06   1.500e+07   5.000e+06   1.961e+03   4.191e+03   1.164e+03    0.15   0.25    0.0     0.0123     0.0575     0.0204    -0.1833     0.0061     0.65026   0.58269     5   2.0   1.0   4   0  
   54   3989.000   3605.154   75.83026   -25.42379   21.597    0.114   22.533    0.164   23.434    0.172   23.462   0.159   23.179   0.067   1.93   1.200e+07   1.500e+07   1.100e+07   8.682e+02   1.529e+03   7.456e+02     0.0   0.07    0.0    0.26247   -0.18654   -0.03503   -0.07733   -0.00204     2.00675   0.11063     5   3.0   1.0   4   0  
   55   4154.000   3605.062   75.82825   -25.42379   21.747    0.116   21.957    0.113   23.252    0.153   23.095   0.156   21.809   0.037   1.42   1.000e+07   1.000e+07   1.000e+07   3.324e+03   3.566e+03   3.010e+03    0.28   0.31   0.24    0.25901    0.18621   -0.28569   -0.44519    0.03971     8.11853     2e-05     5   4.0   1.0   4   0  
   56   4331.115   3602.000   75.82609   -25.42382   20.037    0.105   20.400    0.101   22.069    0.145   22.303   0.155   22.548   0.050   1.36   5.000e+06   0.000e+00   0.000e+00   1.317e+03   0.000e+00   0.000e+00     0.0    0.0    0.0    0.24822    0.42672    0.12612   -0.10408   -0.08728     7.04811    0.0001     5   3.0   1.0   4   0  
   57   3779.746   3600.610   75.83281   -25.42384   23.267    0.209   23.676    0.284   25.398    0.511   23.580   0.162   22.165   0.057   1.46   1.000e+07   3.000e+08   9.000e+06   4.085e+03   1.222e+04   3.303e+03    0.58   0.75   0.04    0.41453   -0.22557      200.0   -0.16597    0.02143     2.43056   0.08799     4   0.0   0.0   0   0  
   58   3690.000   3598.349   75.83390   -25.42386   20.952    0.108   21.409    0.109   22.930    0.151   23.380   0.170   23.283   0.122   1.39   5.000e+06   5.000e+06   5.000e+06   6.336e+02   6.572e+02   6.336e+02     0.0   0.01    0.0    0.12753    0.21203    0.05943   -0.38677   -0.02797     4.01111   0.00727     5   0.0   0.0   0   0  
   59   3696.875   3586.951   75.83382   -25.42399   20.770    0.107   20.899    0.104   22.511    0.147   22.087   0.155   22.700   0.068   1.68   3.000e+06   4.000e+06   1.000e+06   9.918e+02   1.164e+03   8.837e+02    0.05   0.08    0.0   -0.12668    0.20942    0.11852    0.13372   -0.04608      2.2173   0.08386     5   2.0   1.0   1   0  
   60   3338.000   3580.000   75.83819   -25.42407   22.420    0.130   22.805    0.154   23.055    0.149   22.934   0.155   22.521   0.043   1.66   1.000e+08   1.000e+08   7.000e+06   5.782e+03   6.575e+03   1.288e+03    0.04   0.29    0.0     0.0687    -0.1378     0.1032     0.0727    -0.0063      0.6121   0.60706     5   2.0   2.0   4   0  
   61   3788.000   3578.000   75.83271   -25.42409   23.059    0.163   23.144    0.188   23.421    0.166   23.433   0.162   23.086   0.132   1.75   9.000e+07   1.000e+08   6.000e+06   3.735e+03   4.588e+03   7.166e+02    0.06   0.43    0.0   -0.09506   -0.00766    0.22094    0.05304   -0.05636     0.70582   0.54839     5   1.0   2.0   4   0  
   62   3357.381   3570.503   75.83795   -25.42417   22.792    0.158   22.666    0.146   23.479    0.159   23.567   0.158   22.817   0.049   1.49   1.400e+07   5.000e+07   6.000e+06   2.875e+03   3.473e+03   1.007e+03    0.31   0.42   0.07   -0.10567    0.12033    0.19843   -0.12867    0.00073     1.05016     0.369     5   0.0   0.0   0   0  
   63   3618.000   3561.107   75.83478   -25.42427   21.415    0.109   21.583    0.108   23.496    0.170   23.482   0.167   23.426   0.126   1.42   5.000e+06   5.000e+06   5.000e+06   4.862e+02   5.936e+02   4.862e+02     0.0   0.05    0.0   -0.04791    0.32559   -0.21901   -0.20121    0.11659     3.84837   0.00912     5   0.0   0.0   0   0  
   64   3705.354   3546.403   75.83372   -25.42444   20.351    0.106   20.819    0.104   22.478    0.152   22.536   0.159   22.550   0.071   1.54   5.000e+06   5.000e+06   5.000e+06   1.179e+03   1.300e+03   1.179e+03     0.0   0.03    0.0    0.05471    0.12821   -0.16239   -0.21659    0.03121     1.79787   0.14514     5   3.0   1.0   3   0  
   65   3811.376   3536.393   75.83242   -25.42455   20.650    0.106   21.102    0.104   22.894    0.149   22.726   0.158   23.654   0.187   1.43   3.000e+06   0.000e+00   0.000e+00   5.908e+02   0.000e+00   0.000e+00     0.0    0.0    0.0    0.23397    0.31307    0.08637   -0.11313   -0.53253     8.39057     1e-05     5   4.0   1.0   4   0  
   66   3537.474   3498.000   75.83576   -25.42497   22.397    0.144   22.702    0.169   23.025    0.152   22.933   0.159   22.308   0.054   1.55   1.000e+08   1.000e+08   7.000e+06   7.442e+03   8.923e+03   1.608e+03    0.08   0.35   0.04    0.07317   -0.10463    0.02727   -0.06673    0.00827     0.30194   0.82402     5   4.0   2.0   3   0  
   67   3533.000   3499.000   75.83582   -25.42496   22.153    0.126   22.041    0.120   22.730    0.150   22.820   0.158   22.837   0.089   1.62   6.000e+06   6.000e+06   5.000e+06   1.294e+03   1.826e+03   1.118e+03    0.24   0.33    0.2   -0.14366    0.13764    0.36764    0.15324   -0.08276     2.90682   0.03325     5   3.0   1.0   3   0  
   68   3729.376   3491.341   75.83342   -25.42504   22.414    0.120   22.462    0.121   23.250    0.158   23.175   0.159   22.752   0.069   1.59   6.000e+06   9.000e+07   5.000e+06   1.514e+03   4.564e+03   8.369e+02    0.33   0.43    0.0   -0.00217    0.00613    0.05613   -0.07067    0.00353     0.11208   0.95307     5   4.0   1.0   4   0  
   69   3912.664   3489.000   75.83118   -25.42507   99.999   99.999   23.219    0.192   23.414    0.152   22.857   0.156   21.901   0.039   1.74   8.000e+07   1.000e+09   6.000e+06   2.059e+04   3.964e+04   3.941e+03    0.46   0.84   0.02      200.0   -0.01133   -0.02273    0.03787   -0.00023     0.04165   0.95921     4   1.0   1.0   4   0  
   70   3759.353   3483.000   75.83305   -25.42513   22.985    0.180   23.589    0.290   23.230    0.158   23.016   0.157   22.543   0.056   1.72   2.000e+08   2.000e+08   8.000e+06   5.846e+03   8.496e+03   1.633e+03     0.0   0.39    0.0    0.11744   -0.42576    0.25434    0.25624   -0.02546       2.666   0.04605     5   1.0   1.0   4   0  
   71   3451.000   3483.134   75.83681   -25.42513   22.539    0.153   22.405    0.139   23.227    0.156   22.947   0.157   22.233   0.043   1.73   1.300e+07   6.000e+07   5.000e+06   4.849e+03   8.052e+03   1.873e+03    0.38   0.59   0.15   -0.04543    0.09437    0.02167   -0.00713   -0.00513     0.18334   0.90777     5   2.0   2.0   4   0  
   72   3562.802   3479.878   75.83545   -25.42517   20.102    0.105   20.495    0.101   22.269    0.147   22.440   0.155   22.583   0.053   1.40   5.000e+06   0.000e+00   0.000e+00   1.253e+03   0.000e+00   0.000e+00     0.0    0.0    0.0    0.23708    0.38558   -0.02002   -0.18722   -0.06842     5.99033   0.00045     5   2.0   2.0   3   0  
   73   3572.806   3468.259   75.83533   -25.42530   21.629    0.114   21.848    0.113   23.398    0.160   23.180   0.157   23.698   0.123   1.45   3.000e+06   5.000e+06   3.000e+06   3.914e+02   5.353e+02   3.455e+02    0.03   0.07    0.0   -0.10474    0.16766    0.15646   -0.01784   -0.07244     1.34455   0.25785     5   4.0   1.0   1   0  
   74   3495.839   3463.000   75.83627   -25.42535   21.968    0.118   22.355    0.129   22.902    0.149   22.752   0.156   22.325   0.045   1.42   5.000e+07   1.000e+08   7.000e+06   4.722e+03   7.212e+03   1.330e+03    0.05   0.24    0.0    0.01784   -0.09006    0.03924    0.04294    0.00314     0.23229   0.87394     5   4.0   2.0   4   0  
   75   3345.771   3401.000   75.83810   -25.42604   22.583    0.150   22.237    0.131   22.765    0.149   23.106   0.157   22.949   0.062   1.53   6.000e+06   6.000e+06   5.000e+06   1.200e+03   1.634e+03   1.098e+03    0.28   0.36   0.25   -0.23686    0.22804    0.58304    0.08334   -0.03646     5.12114   0.00153     5   4.0   1.0   4   0  
   76   3566.000   3403.412   75.83541   -25.42601   21.604    0.119   21.909    0.135   23.361    0.171   23.129   0.167   23.116   0.128   1.75   5.000e+06   1.500e+07   3.000e+06   8.845e+02   1.673e+03   6.105e+02    0.14   0.19    0.0    0.01336    0.06616   -0.14294   -0.02364    0.04526     0.39235   0.75851     5   4.0   1.0   1   0  
   77   3567.738   3393.000   75.83539   -25.42612   21.605    0.139   22.054    0.158   23.430    0.193   23.319   0.210   23.546   0.171   1.61   5.000e+06   6.000e+06   3.000e+06   5.298e+02   6.978e+02   3.486e+02    0.05   0.12    0.0   -0.00916    0.01714   -0.03516    0.03824   -0.00066     0.02742   0.99388     5   4.0   1.0   1   0  
   78   3573.822   3397.000   75.83532   -25.42608   20.485    0.105   20.887    0.105   22.595    0.150   22.454   0.156   22.984   0.069   1.77   3.000e+06   0.000e+00   0.000e+00   7.458e+02   0.000e+00   0.000e+00     0.0    0.0    0.0    0.14607    0.27517    0.13247   -0.09404   -0.11543     3.75183   0.01042     5   4.0   1.0   1   0  
   79   3576.608   3395.000   75.83528   -25.42610   20.673    0.109   21.008    0.104   22.679    0.150   22.471   0.158   22.888   0.084   1.85   3.000e+06   5.000e+06   3.000e+06   7.489e+02   9.712e+02   7.489e+02     0.0   0.03    0.0   -0.04642    0.14968    0.04398   -0.11552   -0.02392     0.91908   0.43059     5   3.0   1.0   1   0  
   80   3564.000   3397.160   75.83543   -25.42608   20.712    0.107   21.247    0.120   22.875    0.163   22.752   0.172   23.509   0.131   1.85   3.000e+06   0.000e+00   0.000e+00   5.557e+02   0.000e+00   0.000e+00     0.0    0.0    0.0    0.23864    0.23474    0.17204   -0.07246   -0.32086     5.45519   0.00095     5   4.0   1.0   1   0  
   81   3563.253   3394.000   75.83545   -25.42611   20.775    0.109   21.022    0.107   22.800    0.153   22.325   0.161   23.061   0.104   1.64   3.000e+06   3.000e+06   3.000e+06   6.934e+02   7.461e+02   6.934e+02     0.0   0.02    0.0   -0.06477    0.21933    0.00663    0.11412   -0.11328     1.86398   0.13324     5   3.0   1.0   1   0  
   82   3490.000   3391.000   75.83634   -25.42615   22.215    0.127   22.696    0.142   23.572    0.164   23.457   0.156   23.128   0.076   1.37   9.000e+06   2.000e+07   7.000e+06   5.914e+02   1.973e+03   4.975e+02    0.04   0.18    0.0    0.00452   -0.04808    0.05012    0.04782   -0.00748     0.10332   0.95814     5   0.0   0.0   0   0  
   83   3572.208   3384.000   75.83533   -25.42622   21.098    0.110   21.284    0.107   22.929    0.149   22.591   0.156   23.072   0.082   1.53   3.000e+06   4.000e+06   3.000e+06   6.811e+02   7.817e+02   6.085e+02    0.04   0.08    0.0   -0.11102    0.18127    0.06617    0.00368   -0.02913     1.29312   0.27479     5   2.0   1.0   1   0  
   84   2997.000   3131.000   75.84235   -25.42901   17.188    0.103   15.415    0.099   15.790    0.143   16.125   0.154   14.942   0.030   1.85   1.000e+09   1.000e+09   9.000e+08   2.196e+07   2.346e+07   2.027e+07    0.06   0.09   0.04   -0.17743    1.01567    0.51187   -0.27753   -0.00023    20.08768       0.0     5   4.0   1.0   4   0  
   85   1601.203   2521.417   75.85936   -25.43572   21.846    0.117   21.913    0.112   23.324    0.154   22.921   0.155   22.042   0.037   1.59   1.000e+07   2.000e+07   1.000e+07   2.426e+03   6.880e+03   2.250e+03    0.21   0.35   0.18    0.05563    0.21463   -0.30977   -0.16147    0.01683     3.37384   0.01756     5   4.0   1.0   4   0  
   86   5506.602   2363.882   75.81176   -25.43745   19.209    0.104   16.855    0.099   16.492    0.143   16.585   0.154   15.409   0.030   1.54   1.400e+10   1.400e+10   1.100e+10   6.478e+07   6.767e+07   6.077e+07     0.0   0.04    0.0   -0.22065    0.79775    1.02075    0.06265   -0.01325    19.95484       0.0     5   4.0   1.0   4   0  
   87   3615.000   2372.000   75.83482   -25.43736   22.187    0.123   21.879    0.113   22.569    0.148   21.787   0.155   19.852   0.031   1.58   1.000e+07   1.000e+07   1.000e+07   5.253e+04   5.723e+04   4.910e+04    0.83   0.87    0.8    0.28759    0.07169   -0.29631   -0.33261    0.02439     5.60125   0.00078     5   4.0   1.0   4   0  
   88   1388.266   2357.639   75.86195   -25.43752   22.852    0.155   22.387    0.121   23.196    0.149   22.283   0.156   20.571   0.034   1.67   1.000e+07   2.000e+07   1.000e+07   2.600e+04   7.479e+04   2.377e+04     0.8   0.95   0.76    0.19912    0.17472   -0.28488   -0.16208    0.01382     3.11812   0.02493     5   4.0   1.0   4   0  
   89   2911.708   2112.000   75.84338   -25.44022   23.858    0.315   99.999   99.999   24.939    0.240   23.538   0.157   21.183   0.035   1.52   1.000e+07   1.000e+10   8.000e+06   3.970e+04   9.447e+05   3.164e+04    1.38    1.5   0.75    2.31783      200.0   -0.07217   -0.02007    0.00133     4.67525   0.00932     4   0.0   0.0   0   0  
   90   2442.774   1988.661   75.84910   -25.44158   23.994    0.324   23.495    0.200   23.413    0.153   22.096   0.155   20.295   0.031   1.49   9.000e+06   7.000e+07   4.000e+06   5.385e+04   2.498e+05   4.888e+04    1.15    1.5   0.97    0.31252   -0.08838   -0.04448    0.14182   -0.00218     0.58102    0.6274     5   4.0   1.0   4   0  
   91   1239.809   1936.000   75.86376   -25.44216   22.323    0.161   22.376    0.196   23.303    0.176   22.428   0.156   22.113   0.049   2.07   4.000e+06   4.000e+06   2.000e+06   3.844e+03   4.583e+03   3.397e+03    0.54   0.61   0.49     0.1077    -0.0725    -0.0706     0.0067    0.00179     0.24227   0.86688     5   4.0   1.0   4   0  
   92   2549.470   1871.636   75.84780   -25.44287   20.271    0.105   20.504    0.103   21.680    0.145   21.187   0.154   20.601   0.033   1.90   1.000e+07   2.000e+07   9.000e+06   8.818e+03   2.444e+04   7.474e+03    0.18   0.31   0.15    0.03779    0.06919   -0.19301    0.07159      9e-05     0.95766   0.41163     5   4.0   1.0   4   0  
   93   2552.000   1893.552   75.84777   -25.44263   21.267    0.115   21.435    0.114   22.484    0.146   22.331   0.155   21.915   0.039   1.52   1.400e+07   2.000e+07   5.000e+06   5.382e+03   6.347e+03   1.838e+03    0.19   0.37   0.06   -0.02623    0.05757    0.00817    0.02607   -0.00523     0.11467   0.95155     5   4.0   1.0   4   0  
   94   2551.000   1888.000   75.84778   -25.44269   21.210    0.116   21.323    0.113   22.497    0.154   22.489   0.161   22.145   0.072   1.65   5.000e+06   2.000e+07   5.000e+06   2.781e+03   4.728e+03   1.824e+03    0.27   0.31   0.01   -0.00584    0.07256    0.02496   -0.18964    0.02026     0.71601   0.54226     5   4.0   1.0   4   0  
   95   1730.002   1742.000   75.85779   -25.44429   16.842    0.103   15.049    0.099   15.498    0.143   15.947   0.154   14.667   0.030   1.94   1.000e+09   1.000e+09   9.000e+08   2.767e+07   2.954e+07   2.555e+07    0.05   0.08   0.03   -0.14468    1.08022    0.51132   -0.38318    0.00542    22.36519       0.0     5   4.0   1.0   4   0  
   96   1492.000   1772.357   75.86069   -25.44396   22.525    0.130   22.738    0.147   23.660    0.156   23.438   0.157   22.516   0.049   1.53   1.000e+07   3.000e+07   9.000e+06   1.718e+03   4.764e+03   1.446e+03    0.26   0.39   0.15     0.0703    0.01969     -0.061    -0.1378    0.01179     0.46222   0.70866     5   4.0   1.0   4   0  
   97   1723.000   1736.031   75.85787   -25.44436   23.094    0.184   20.907    0.109   20.620    0.145   18.195   0.154   18.998   0.031   1.38   1.400e+10   1.400e+10   1.100e+10   2.460e+06   2.666e+06   2.247e+06    0.02   0.07    0.0   -0.43185    0.39855    0.52735    2.06915   -0.01335    20.72617       0.0     5   4.0   1.0   4   0  
   98   3560.000   1674.583   75.83549   -25.44504   17.026    0.103   15.368    0.099   15.739    0.143   15.998   0.154   14.737   0.030   1.85   1.000e+09   1.000e+09   9.000e+08   2.688e+07   2.872e+07   2.481e+07    0.07    0.1   0.05   -0.17182    0.89438    0.38548   -0.33662    0.00438    17.62759       0.0     5   4.0   1.0   4   0  
   99   2754.996   1715.364   75.84530   -25.44459   24.691    0.556   23.923    0.380   24.413    0.187   22.928   0.155   20.634   0.031   1.62   2.000e+09   1.400e+10   8.000e+06   5.588e+05   2.222e+06   5.442e+04    0.86    1.5   0.64      200.0      200.0   -0.00263    0.00248     -3e-05     0.00045   0.98302     3   0.0   0.0   0   0  
  100   1463.000   1671.000   75.86105   -25.44508   22.931    0.219   24.245    0.483   22.028    0.148   22.111   0.155   26.199   0.761   1.31   9.000e+08   1.000e+09   4.000e+08   6.137e+04   8.943e+04   3.931e+04     0.0   0.23    0.0   -0.05775      200.0    0.31565   -0.15575      200.0     4.66568   0.03077     3   0.0   0.0   0   0  
  101   3287.000   1669.490   75.83881   -25.44509   24.204    0.342   99.999   99.999   24.752    0.225   23.192   0.156   21.223   0.033   1.70   1.000e+07   1.400e+10   3.000e+06   2.884e+04   8.150e+05   2.339e+04    1.21    1.5   0.55    1.27617      200.0   -0.24463    0.13347    0.00027      3.4757   0.03094     4   0.0   0.0   0   0  
  102   2694.363   1653.000   75.84603   -25.44527   24.460    0.465   26.130    1.885   25.299    0.275   23.480   0.156   21.167   0.032   1.65   1.100e+10   1.400e+10   9.000e+06   1.253e+06   1.662e+06   3.955e+04    0.87    1.5   0.72      200.0      200.0   -0.08438    0.06702   -0.00128     0.27697   0.59869     3   0.0   0.0   0   0  
  103   2813.779   1596.000   75.84458   -25.44590   99.999   99.999   24.493    0.492   24.706    0.217   23.165   0.156   20.569   0.032   1.68   4.000e+07   1.400e+10   1.000e+07   2.223e+05   3.232e+06   8.170e+04     1.5    1.5   0.83      200.0      200.0   -0.00506   -0.00536    0.00034     0.00185   0.96574     3   0.0   0.0   0   0  
  104   3291.000   1453.000   75.83876   -25.44748   99.999   99.999   99.999   99.999   24.512    0.189   23.198   0.155   20.923   0.031   1.63   1.000e+07   1.400e+10   7.000e+06   4.725e+04   1.511e+06   3.769e+04    1.34    1.5   0.59      200.0      200.0   -0.00045    0.00415   -0.00015     0.00074   0.97825     3   0.0   0.0   0   0  
  105   2272.803   1326.089   75.85117   -25.44887   24.593    0.493   25.776    1.961   24.600    0.192   23.422   0.156   21.264   0.033   1.68   5.000e+08   1.400e+10   6.000e+06   1.613e+05   9.334e+05   2.325e+04    0.93    1.5    0.5      200.0      200.0   -0.00327   -0.00737    0.00043     0.00271    0.9585     3   0.0   0.0   0   0  
  106   3648.858   1135.460   75.83440   -25.45097   22.586    0.130   22.909    0.161   24.099    0.193   23.172   0.156   22.094   0.044   1.88   1.000e+07   1.100e+07   1.000e+07   3.417e+03   4.343e+03   3.099e+03    0.44   0.48    0.4    0.40596    0.02135   -0.49095   -0.02345    0.02526     5.83126   0.00056     5   4.0   1.0   4   0  
  107   2007.000   1078.510   75.85442   -25.45160   23.405    0.261   23.956    0.451   99.999   99.999   21.469   0.154   23.750   0.151   1.40   1.000e+06   2.000e+06   1.000e+06   8.636e+02   1.069e+03   6.660e+02    0.38   0.47    0.3   -0.10772      200.0      200.0    2.00558   -0.08592    35.80318       0.0     3   0.0   0.0   0   0  
  108   2712.994    313.000   75.84581   -25.46002   99.999   99.999   99.999   99.999   99.999   99.999   17.505   0.154   22.657   0.053   1.82   2.000e+08   0.000e+00   0.000e+00   2.000e+02   0.000e+00   0.000e+00   200.0    0.0    0.0      200.0      200.0      200.0      200.0      200.0       200.0     200.0   200   0.0   0.0   0   0  
  109   3843.723   3966.230   75.83203   -25.41982   23.861    0.394   24.211    0.484   24.421    0.238   23.831   0.157   22.855   0.174   1.96   6.000e+06   7.000e+09   5.000e+06   2.966e+03   5.304e+04   1.026e+03    0.77   0.99    0.0      200.0      200.0    0.00088   -0.00062    0.00028       3e-05    0.9955     3   1.0   1.0   4   1  
  110   4201.403   3819.097   75.82767   -25.42143   21.859    0.260   22.339    0.289   23.533    0.187   23.694   0.155   23.948   0.220   1.95   5.000e+06   6.000e+06   5.000e+06   3.510e+02   4.906e+02   3.221e+02    0.01   0.11    0.0   -0.07348   -0.02528    0.14012   -0.02528   -0.03228     0.21228   0.88795     5   2.0   2.0   4   1  
