    1   3943.087   4459.993   146.18697   9.61626   22.223    0.172   22.364    0.197   22.623   0.128   22.466   0.075   21.711    0.067   1.61   2.000e+08   2.000e+08   7.000e+06   3.850e+03   5.413e+03   1.022e+03    0.0   0.42    0.0      0.063    -0.0172     0.0449    -0.0102    -0.0099    0.09771   0.96131   5   1.0     1.0   1  
    2   4529.623   4205.988   146.18042   9.61347   25.828    1.724   23.950    0.275   24.196   0.156   23.778   0.085   22.543    0.076   2.00   3.000e+08   5.000e+08   6.000e+06   2.303e+03   4.664e+03   6.988e+02   0.13   0.88   0.06      200.0    0.10017   -0.02173   -0.01513    0.01117    0.09718   0.90739   4   3.0     3.0   1  
    3   3900.450   4599.613   146.18745   9.61780   24.303    0.424   24.174    0.333   24.276   0.162   23.561   0.079   22.324    0.071   1.88   8.000e+06   2.000e+09   5.000e+06   1.227e+03   9.098e+03   1.014e+03   0.76   1.06   0.04    0.29157   -0.05883   -0.02633   -0.00183    0.00417    0.14255   0.93447   5   2.0   1.667   1  
    4   4130.684   4270.023   146.18488   9.61417   22.924    0.240   24.695    0.741   23.681   0.150   23.224   0.083   22.274    0.080   1.75   5.000e+08   1.000e+09   8.000e+06   4.856e+03   9.265e+03   9.465e+02    0.1   0.61    0.0    1.12217   -0.97843   -0.01243    0.03137   -0.00633    4.41258   0.00415   5   2.0   2.333   1  
    5   4502.625   4427.484   146.18073   9.61591   20.176    0.157   20.940    0.187   22.393   0.127   22.514   0.077   22.443    0.080   1.63   5.000e+06   6.000e+06   5.000e+06   3.723e+02   4.592e+02   3.236e+02   0.02   0.09    0.0    0.33976    0.09066   -0.01184   -0.14554    0.15776     3.7124   0.01101   5   3.0   2.667   1  
    6   4175.491   4167.637   146.18439   9.61305   24.907    0.666   24.305    0.391   23.943   0.143   23.594   0.080   22.759    0.078   1.87   1.000e+09   1.000e+09   5.000e+08   4.790e+03   5.864e+03   2.827e+03   0.02    0.1    0.0   -0.26428   -0.19428    0.07482    0.00452   -0.00888    0.25658   0.85669   5   1.0   1.333   1  
    7   4159.392   4173.474   146.18456   9.61311   99.999   99.999   24.335    0.316   24.354   0.157   23.841   0.082   22.558    0.078   1.99   2.000e+08   4.000e+09   6.000e+06   3.237e+03   1.129e+04   8.102e+02   0.36   0.99    0.0      200.0     0.0347     0.0114    -0.0058     0.0005    0.01098   0.98908   4   2.0   2.333   1  
    8   4455.479   4015.521   146.18124   9.61137   99.999   99.999   24.225    0.344   24.528   0.171   23.814   0.080   22.794    0.076   1.94   6.000e+06   2.000e+09   5.000e+06   1.090e+03   6.800e+03   5.445e+02   0.83   0.98    0.0      200.0   -0.12194   -0.03854    0.02926   -0.01014    0.17078   0.84301   4   1.0   1.333   1  
    9   4433.926   4135.021   146.18149   9.61269   23.009    0.198   23.117    0.214   23.472   0.136   23.262   0.077   22.497    0.074   1.63   2.000e+08   2.000e+08   7.000e+06   1.850e+03   2.670e+03   4.732e+02    0.0   0.45    0.0    0.07287    0.02567   -0.00823   -0.01033     -3e-05     0.0542   0.98339   5   2.0   1.667   1  
   10   4491.018   4225.302   146.18085   9.61368   23.556    0.233   23.712    0.254   23.695   0.140   23.390   0.079   22.423    0.077   1.80   2.000e+08   5.000e+08   7.000e+06   2.504e+03   3.934e+03   6.820e+02   0.14   0.59    0.0    0.08818   -0.18392    0.02788   -0.00152    0.00668    0.26705   0.84919   5   2.0   2.333   1  
   11   4509.177   4276.082   146.18065   9.61424   22.812    0.193   23.635    0.252   23.322   0.133   23.130   0.079   22.488    0.087   1.92   2.000e+08   2.000e+08   7.000e+07   1.974e+03   3.107e+03   1.916e+03   0.01   0.31    0.0    0.26331   -0.51169    0.11341    0.08461   -0.04269    3.38769   0.01723   5   2.0     2.0   1  
   12   4267.025   4253.169   146.18335   9.61399   23.888    0.352   23.910    0.289   23.917   0.149   23.359   0.084   22.140    0.072   1.71   2.000e+08   6.000e+08   6.000e+06   4.418e+03   7.430e+03   1.120e+03   0.32   0.94   0.11    0.27733   -0.08157   -0.05667    0.00713    0.00693    0.24604   0.86421   5   2.0   1.667   1  
   13   4532.133   4188.639   146.18040   9.61328   26.984    4.073   23.950    0.264   24.215   0.145   23.603   0.083   22.367    0.073   1.94   4.000e+07   4.000e+09   5.000e+06   2.532e+03   1.343e+04   8.881e+02   0.52   1.01    0.0      200.0   -0.04482   -0.00342    0.00578      8e-05    0.01771   0.98244   4   2.0     3.0   1  
   14   4159.709   4380.980   146.18456   9.61540   99.999   99.999   24.397    0.445   24.113   0.158   23.635   0.085   22.477    0.095   1.94   6.000e+08   3.000e+09   7.000e+06   4.920e+03   1.068e+04   8.214e+02   0.18    0.8    0.0      200.0   -0.06935    0.03075   -0.01215    0.00835    0.04552    0.9555   4   4.0   3.333   1  
   15   4092.479   4569.706   146.18530   9.61747   23.500    0.243   23.222    0.226   23.771   0.139   23.749   0.086   23.030    0.098   1.91   1.000e+08   2.000e+08   6.000e+06   1.239e+03   1.591e+03   2.408e+02   0.12   0.54    0.0   -0.09833    0.25607    0.12577   -0.07273    0.03827    0.94674   0.41692   5   2.0   2.667   1  
   16   3989.611   4314.340   146.18645   9.61466   99.999   99.999   24.225    0.321   24.272   0.172   23.705   0.086   22.621    0.081   2.02   9.000e+07   2.000e+09   5.000e+06   3.704e+03   8.454e+03   6.508e+02   0.51   0.94    0.0      200.0   -0.05495   -0.00375    0.01145   -0.00535    0.02661   0.97374   4   3.0   3.333   1  
   17   4847.769   4049.302   146.17686   9.61174   24.336    0.390   23.938    0.291   23.973   0.147   23.746   0.078   23.180    0.086   1.83   9.000e+07   1.000e+08   6.000e+06   1.470e+03   1.777e+03   2.925e+02   0.24    0.6   0.17   -0.48351   -0.14041    0.16749    0.08259   -0.06741     1.8375   0.13789   5   2.0   2.333   1  
   18   5136.918   4399.599   146.17365   9.61560   22.428    0.171   22.694    0.206   23.865   0.139   23.936   0.082   23.681    0.095   1.73   1.400e+07   1.500e+07   1.100e+07   2.574e+02   3.325e+02   1.484e+02   0.05    0.1    0.0   -0.05372    0.11328    0.06838   -0.01812   -0.00682     0.2195   0.88292   5   2.0     2.0   1  
   19   4669.065   4582.026   146.17886   9.61761   23.554    0.234   23.614    0.242   23.757   0.140   23.198   0.076   22.063    0.068   1.82   4.000e+07   4.000e+08   7.000e+06   3.107e+03   6.470e+03   1.107e+03   0.47   0.73   0.07    0.07974   -0.18586    0.02314    0.02484   -0.01136    0.32298   0.80877   5   1.0   1.333   1  
   20   3213.000   6105.000   146.19511   9.63437   23.118    0.194   23.373    0.236   24.571   0.170   24.122   0.084   22.442    0.071   1.83   1.000e+07   2.000e+07   1.000e+07   1.084e+03   3.456e+03   8.307e+02   0.69   0.88   0.59    1.42451    0.80811    0.06001   -0.17879    0.11891   10.18081       0.0   5   0.0     0.0   0  
   21   3336.569   5847.579   146.19374   9.63154   25.611    1.247   23.643    0.247   24.381   0.160   24.328   0.082   23.566    0.091   1.74   2.000e+07   5.000e+07   9.000e+06   3.863e+02   6.271e+02   1.308e+02   0.22   0.43   0.03      200.0    0.00534    0.12903   -0.04886    0.02994    0.52768   0.58997   4   0.0     0.0   0  
   22   2812.422   5333.800   146.19958   9.62588   16.368    0.156   15.970    0.186   16.448   0.124   16.315   0.074   15.435    0.064   1.70   2.000e+08   2.000e+08   6.000e+06   1.371e+06   1.932e+06   3.625e+05   0.06   0.62   0.02    -0.0784      0.304      0.093    -0.0383    -0.0006     1.0326   0.37679   5   4.0     4.0   0  
   23   3130.528   5326.000   146.19604   9.62580   21.899    0.164   22.214    0.194   23.485   0.134   23.390   0.077   22.702    0.073   1.30   1.000e+07   2.000e+07   1.000e+07   3.091e+02   8.778e+02   2.652e+02   0.08   0.22   0.03    0.13724    0.21614   -0.05046   -0.09676    0.07824    1.52785   0.20496   5   0.0     0.0   0  
   24   4233.417   5135.000   146.18373   9.62369   21.775    0.160   22.205    0.193   23.261   0.130   23.147   0.076   22.211    0.069   1.45   1.000e+07   2.000e+07   1.000e+07   5.666e+02   1.325e+03   4.877e+02   0.19   0.26   0.14    0.30787    0.12947   -0.02183   -0.14503    0.11917    3.35957   0.01791   5   0.0     0.0   0  
   25   2622.000   5069.054   146.20172   9.62297   22.973    0.208   23.249    0.219   24.585   0.162   24.175   0.085   23.189    0.081   1.58   1.000e+07   2.000e+07   1.000e+07   2.750e+02   8.437e+02   2.238e+02   0.28   0.45   0.21    0.46917    0.33037   -0.18253   -0.08903    0.09587    3.00857   0.02895   5   0.0     0.0   0  
   26   3005.801   4975.000   146.19743   9.62193   23.769    0.304   23.800    0.263   23.639   0.135   23.072   0.076   21.953    0.068   1.79   9.000e+07   9.000e+08   7.000e+06   7.240e+03   1.268e+04   1.383e+03   0.54   0.79    0.1    0.24412   -0.20478    0.02712    0.01521   -0.00898    0.44929    0.7178   5   0.0     0.0   0  
   27   4386.661   4936.501   146.18202   9.62151   22.983    0.189   23.370    0.218   24.475   0.174   24.287   0.083   23.910    0.110   1.74   1.100e+07   2.000e+07   9.000e+06   1.267e+02   3.298e+02   7.810e+01   0.06   0.21    0.0   -0.00028    0.02521   -0.04678    0.02212   -0.02308     0.0677   0.97709   5   0.0     0.0   0  
   28   3806.505   4887.888   146.18849   9.62097   99.999   99.999   23.813    0.257   24.541   0.180   23.886   0.079   20.761    0.065   1.66   3.000e+08   3.000e+08   3.000e+08   9.586e+04   1.190e+05   7.443e+04    1.4    1.5   1.29      200.0    2.63089    0.87299   -0.09621    0.03549   13.91897       0.0   4   0.0     0.0   0  
   29   2014.000   4849.000   146.20850   9.62055   25.357    0.981   24.583    0.490   27.596   1.666   24.144   0.095   23.181    0.124   1.48   3.000e+06   2.000e+09   1.000e+06   9.245e+02   5.010e+03   3.519e+02   0.98   1.19    0.0   -0.03823    0.07327      200.0   -0.00343    0.00227    0.01206   0.98801   4   0.0     0.0   0  
   30   3100.000   4782.432   146.19638   9.61981   22.426    0.187   22.893    0.205   24.131   0.153   23.843   0.083   22.541    0.071   1.74   1.000e+07   2.000e+07   1.000e+07   6.038e+02   1.516e+03   4.690e+02   0.41    0.5   0.32    0.98783    0.49603   -0.03697   -0.18147    0.13383    8.22348     2e-05   5   0.0     0.0   0  
   31   4879.614   4715.265   146.17651   9.61907   23.924    0.277   24.384    0.342   23.222   0.131   21.595   0.075   19.532    0.065   1.72   1.100e+10   1.400e+10   7.000e+08   1.369e+06   1.716e+06   3.518e+05   0.71   1.06   0.62    1.99133   -0.44007   -0.03367    0.08224   -0.02426    4.89627    0.0021   5   4.0     4.0   0  
   32   2854.433   4715.552   146.19913   9.61908   23.399    0.263   23.093    0.216   22.924   0.130   22.383   0.075   21.418    0.066   2.00   7.000e+08   1.000e+09   4.000e+08   1.383e+04   2.126e+04   1.019e+04   0.11   0.19   0.05     0.1095    -0.0637    -0.0428      0.029   -0.00919    0.17567   0.91292   5   4.0    2.75   0  
   33   4441.000   4613.923   146.18141   9.61796   22.457    0.173   22.620    0.199   23.918   0.144   24.013   0.091   23.339    0.095   1.23   1.000e+07   2.000e+07   1.000e+07   1.537e+02   4.664e+02   1.395e+02   0.03   0.19    0.0    0.01617    0.31277    0.06447   -0.12863    0.10477    1.80641   0.14355   5   0.0     0.0   0  
   34   4214.000   4602.581   146.18394   9.61783   22.481    0.175   23.222    0.226   24.464   0.172   24.456   0.107   24.334    0.197   1.34   1.500e+07   1.500e+07   5.000e+06   1.526e+02   1.746e+02   5.067e+01    0.0   0.12    0.0     0.2195     -0.015    -0.0416    -0.0109    -0.0875    0.52641   0.66411   5   0.0     0.0   0  
   35   2995.681   4598.000   146.19756   9.61778   23.225    0.244   22.906    0.210   24.013   0.151   24.028   0.084   23.577    0.124   1.67   1.300e+07   9.000e+07   5.000e+06   3.250e+02   6.462e+02   9.803e+01    0.2   0.41    0.0   -0.21271    0.33829    0.14349   -0.02381   -0.02531    1.25334   0.28857   5   0.0     0.0   0  
   36   4140.000   4583.000   146.18477   9.61762   22.765    0.190   23.498    0.248   24.590   0.204   24.491   0.126   24.020    0.180   1.53   1.000e+07   2.000e+07   9.000e+06   8.296e+01   2.458e+02   6.967e+01    0.0   0.15    0.0    0.18454   -0.04916   -0.06426   -0.03756    0.03644     0.3586   0.78292   5   0.0     0.0   0  
   37   4304.000   4572.395   146.18294   9.61750   23.254    0.245   23.837    0.286   23.980   0.141   23.794   0.086   23.430    0.118   1.48   9.000e+07   1.000e+08   7.000e+06   8.557e+02   1.057e+03   1.633e+02   0.07   0.32    0.0    0.10378   -0.31962    0.03388    0.05547   -0.05152    0.83434   0.47475   5   0.0     0.0   0  
   38   4513.919   4565.000   146.18060   9.61742   99.999   99.999   24.351    0.345   24.774   0.219   24.159   0.088   23.063    0.088   1.54   6.000e+06   2.000e+09   5.000e+06   8.519e+02   5.194e+03   3.798e+02   0.84    1.0    0.0      200.0    0.07079    0.02519   -0.01511    0.00739    0.04464   0.95634   4   0.0     0.0   0  
   39   4138.000   4564.174   146.18478   9.61741   22.398    0.170   22.495    0.199   24.544   0.212   24.430   0.115   24.560    0.354   1.25   5.000e+06   5.000e+06   5.000e+06   5.497e+01   6.849e+01   5.497e+01    0.0   0.06    0.0    0.06577    0.51027   -0.17033   -0.05253    0.07927    1.78287   0.14798   5   0.0     0.0   0  
   40   4116.438   4555.000   146.18504   9.61731   24.196    0.386   24.066    0.342   24.281   0.189   23.878   0.087   23.145    0.103   1.43   8.000e+07   9.000e+08   5.000e+06   1.637e+03   3.173e+03   2.892e+02   0.32   0.75    0.0   -0.08973   -0.09283    0.00257    0.03377   -0.02803    0.12042   0.94813   5   0.0     0.0   0  
   41   4222.835   4554.148   146.18385   9.61730   99.999   99.999   24.720    0.591   24.911   0.224   24.227   0.104   23.017    0.100   1.56   7.000e+06   1.400e+10   5.000e+06   6.371e+02   2.046e+04   4.425e+02   0.79    1.1    0.0      200.0    0.03424   -0.00076   -0.00336    0.00234    0.00243   0.99757   4   0.0     0.0   0  
   42   4262.789   4542.788   146.18340   9.61718   22.993    0.216   22.853    0.197   23.517   0.144   23.324   0.079   22.739    0.089   1.43   6.000e+06   1.000e+08   5.000e+06   5.912e+02   1.980e+03   2.993e+02   0.46   0.56   0.04   -0.00666    0.02934    0.08624   -0.03566    0.01394    0.19625     0.899   5   0.0     0.0   0  
   43   2091.921   4528.464   146.20763   9.61702   22.853    0.194   23.605    0.271   24.274   0.166   23.585   0.081   22.550    0.092   1.90   1.000e+07   3.000e+07   9.000e+06   6.943e+02   2.075e+03   5.328e+02   0.44    0.6   0.31    0.59909   -0.21451   -0.20581    0.02369    0.02939    2.81496   0.03766   5   0.0     0.0   0  
   44   4197.000   4531.000   146.18414   9.61705   23.471    0.225   23.524    0.261   24.259   0.166   23.868   0.092   23.337    0.141   1.52   5.000e+06   1.000e+08   5.000e+06   4.580e+02   1.194e+03   1.649e+02   0.53   0.61   0.04    0.07034   -0.11266    0.04494   -0.01096    0.00914     0.1291   0.94285   5   0.0     0.0   0  
   45   4124.738   4533.000   146.18494   9.61707   25.168    0.887   24.084    0.327   24.247   0.163   24.579   0.108   24.255    0.245   1.69   9.000e+07   1.000e+08   6.000e+06   4.703e+02   6.574e+02   8.343e+01   0.09    0.5    0.0   -1.03254    0.18546    0.50096   -0.01274   -0.18854    3.61073   0.01267   5   0.0     0.0   0  
   46   4217.824   4531.305   146.18390   9.61705   24.882    0.638   23.787    0.254   24.077   0.160   23.892   0.091   22.893    0.092   1.50   4.000e+08   1.000e+09   6.000e+06   2.126e+03   4.574e+03   4.476e+02   0.06   0.78    0.0    -0.5489      0.341     0.1305     -0.039    0.00261    1.12085   0.33903   5   0.0     0.0   0  
   47   4650.039   4525.406   146.17908   9.61698   24.022    0.317   24.219    0.366   24.263   0.158   23.853   0.085   22.993    0.083   1.66   1.000e+08   8.000e+08   6.000e+06   1.856e+03   3.169e+03   3.572e+02   0.31   0.73    0.0    0.14691   -0.21059   -0.00769    0.01561   -0.00609    0.21069   0.88905   5   0.0     0.0   0  
   48   4162.258   4519.000   146.18452   9.61691   23.774    0.303   24.272    0.324   24.256   0.169   23.965   0.100   22.998    0.092   1.42   3.000e+08   5.000e+08   7.000e+06   1.255e+03   2.322e+03   3.633e+02    0.0   0.59    0.0    0.32305   -0.22475    0.03245    0.02745   -0.02505    0.54313   0.65274   5   0.0     0.0   0  
   49   4273.000   4515.789   146.18329   9.61688   24.052    0.409   23.480    0.246   24.258   0.163   23.982   0.096   23.251    0.136   1.80   6.000e+06   2.000e+08   5.000e+06   4.153e+02   1.520e+03   2.023e+02   0.54   0.68    0.0   -0.17747    0.19373    0.06443   -0.04497    0.03653    0.39605   0.75585   5   0.0     0.0   0  
   50   4228.979   4495.000   146.18378   9.61665   26.894    5.572   27.029    5.182   25.474   0.467   24.983   0.200   23.595    0.202   1.31   3.000e+08   1.400e+10   3.000e+06   1.082e+03   1.964e+04   1.807e+02   0.25   1.34    0.0      200.0      200.0     0.0234    -0.0049     0.0008    0.00308   0.95578   3   0.0     0.0   0  
   51   4229.000   4482.741   146.18378   9.61651   99.999   99.999   25.126    0.890   24.523   0.196   24.252   0.149   22.942    0.107   1.52   4.000e+08   5.000e+09   7.000e+06   2.736e+03   9.703e+03   5.331e+02   0.24   0.84    0.0      200.0   -0.35558    0.16482   -0.07928    0.01522    0.57837   0.56081   4   0.0     0.0   0  
   52   4233.022   4487.000   146.18373   9.61656   23.710    0.268   23.465    0.255   26.355   0.917   24.312   0.161   23.507    0.167   1.28   3.000e+06   4.000e+06   3.000e+06   2.928e+02   5.011e+02   1.603e+02   0.62   0.81   0.44    0.60885    0.60745   -1.26715   -0.11575    0.26645    5.26395   0.00125   5   0.0     0.0   0  
   53   4234.398   4497.000   146.18372   9.61667   23.548    0.295   23.247    0.254   23.789   0.165   23.853   0.123   23.079    0.114   1.49   1.000e+08   2.000e+08   6.000e+06   1.179e+03   1.552e+03   2.153e+02   0.12   0.55    0.0   -0.09262    0.28478    0.16148   -0.12302    0.04298    1.05498   0.36689   5   0.0     0.0   0  
   54   4238.000   4496.444   146.18369   9.61667   22.966    0.204   23.291    0.246   24.095   0.186   23.876   0.102   24.118    0.248   1.59   4.000e+06   8.000e+06   3.000e+06   1.180e+02   2.168e+02   6.896e+01   0.22   0.32    0.0   -0.05088   -0.10848    0.30272   -0.00708   -0.09188    0.81726   0.48407   5   0.0     0.0   0  
   55   4228.307   4512.000   146.18379   9.61684   22.155    0.173   22.554    0.198   22.916   0.136   22.634   0.082   21.711    0.078   1.49   3.000e+07   5.000e+07   9.000e+06   2.484e+03   3.780e+03   1.062e+03   0.27   0.46    0.2    0.14571   -0.18169    0.05011   -0.02279    0.01841    0.62739   0.59722   5   0.0     0.0   0  
   56   3923.536   4515.706   146.18719   9.61688   22.976    0.187   23.584    0.242   23.806   0.140   23.684   0.080   23.132    0.085   1.51   1.000e+08   1.000e+08   7.000e+06   1.010e+03   1.259e+03   2.102e+02   0.05   0.32    0.0    0.20129   -0.24101    0.01899   -0.01911    0.02629    0.79272   0.49771   5   0.0     0.0   0  
   57   4225.000   4509.000   146.18382   9.61680   22.379    0.175   22.626    0.202   22.892   0.131   22.679   0.079   21.695    0.075   1.70   3.000e+07   2.000e+08   9.000e+06   2.725e+03   4.536e+03   1.166e+03   0.31   0.52   0.02    0.07546   -0.14994    0.14146   -0.03595    0.00896    0.68671   0.56002   5   0.0     0.0   0  
   58   4251.000   4507.760   146.18353   9.61679   25.787    1.570   26.503    3.046   24.863   0.288   24.791   0.194   23.671    0.171   1.78   3.000e+08   2.000e+09   5.000e+06   6.451e+02   3.406e+03   1.309e+02    0.0   0.89    0.0      200.0      200.0    0.14769   -0.07631     0.0242    0.41549    0.5192   3   0.0     0.0   0  
   59   4325.706   4502.271   146.18269   9.61673   23.352    0.206   23.584    0.232   23.859   0.146   23.493   0.085   22.819    0.098   1.73   1.000e+08   2.000e+08   6.000e+06   1.768e+03   2.278e+03   3.426e+02   0.19    0.6    0.0    0.10914   -0.13466   -0.05416    0.03044   -0.00476    0.30255   0.82358   5   0.0     0.0   0  
   60   4101.000   4500.000   146.18521   9.61670   23.913    0.317   23.799    0.259   24.030   0.151   23.777   0.091   22.727    0.078   1.62   3.000e+08   4.000e+08   8.000e+06   1.600e+03   2.659e+03   5.481e+02   0.01   0.61    0.0   -0.01648    0.03512    0.03622   -0.01548    0.00042    0.03519   0.99116   5   0.0     0.0   0  
   61   4220.872   4495.000   146.18387   9.61665   23.713    0.310   24.486    0.548   24.209   0.165   23.987   0.125   22.930    0.110   1.63   3.000e+08   5.000e+08   3.000e+07   1.292e+03   2.298e+03   8.244e+02    0.0   0.44    0.0    0.35207   -0.47073    0.04747   -0.02653    0.01097    0.74407   0.52563   5   0.0     0.0   0  
   62   4220.000   4491.000   146.18388   9.61661   23.769    0.327   23.579    0.263   24.261   0.195   24.027   0.117   22.724    0.113   1.33   1.000e+07   3.000e+08   9.000e+06   6.017e+02   2.059e+03   4.482e+02   0.48   0.69    0.0    0.09129    0.17089    0.13019   -0.13141    0.08549    0.92789   0.42619   5   0.0     0.0   0  
   63   4241.000   4505.000   146.18364   9.61676   23.673    0.331   24.593    0.623   23.973   0.187   24.440   0.175   23.159    0.123   1.40   3.000e+08   4.000e+08   3.000e+07   1.028e+03   1.469e+03   5.691e+02    0.0   0.38    0.0    0.64053   -0.32927    0.53193   -0.23107    0.03043    3.26646   0.02035   5   0.0     0.0   0  
   64   4547.000   4491.134   146.18024   9.61661   23.144    0.210   23.278    0.235   23.886   0.145   23.498   0.080   23.055    0.089   1.52   7.000e+06   1.000e+08   5.000e+06   2.753e+02   1.464e+03   2.288e+02   0.31   0.57   0.03    0.02797   -0.05893   -0.07613    0.05437   -0.02533     0.3006     0.825   5   0.0     0.0   0  
   65   4551.323   4488.605   146.18018   9.61658   22.754    0.178   23.155    0.209   24.014   0.155   23.938   0.096   23.428    0.130   1.27   3.000e+07   5.000e+07   9.000e+06   3.261e+02   5.543e+02   1.198e+02    0.0   0.26    0.0    0.02446    0.04226    0.02206   -0.02084   -0.00374    0.04217   0.98848   5   0.0     0.0   0  
   66   1936.000   4488.000   146.20937   9.61657   24.889    0.797   27.349    5.874   24.877   0.216   23.909   0.081   22.197    0.069   1.97   1.000e+07   1.400e+10   5.000e+06   2.279e+03   7.088e+04   1.709e+03   0.93    1.4   0.24    0.34501      200.0   -0.05029    0.00511    0.00021    0.09914   0.90562   4   0.0     0.0   0  
   67   1863.162   4484.000   146.21019   9.61653   26.350    2.483   99.999   99.999   25.977   0.503   23.885   0.081   22.177    0.070   1.90   3.000e+06   4.000e+06   1.000e+06   5.486e+03   6.198e+03   4.564e+03    1.5    1.5   1.42      200.0      200.0   -0.38615    0.01335    0.00305    0.87864   0.34857   3   0.0     0.0   0  
   68   1790.828   4480.000   146.21098   9.61648   99.999   99.999   24.772    0.584   24.292   0.167   23.070   0.076   21.689    0.067   1.94   1.100e+10   1.400e+10   3.000e+06   7.892e+04   1.009e+05   5.173e+03    0.2   1.32   0.09      200.0   -0.30723   -0.11713    0.07777   -0.02503    1.01804    0.3613   4   0.0     0.0   0  
   69   1713.656   4476.000   146.21185   9.61644   99.999   99.999   99.999   99.999   23.024   0.134   23.175   0.077   20.506    0.065   1.83   3.000e+08   3.000e+08   2.000e+08   6.799e+04   9.819e+04   5.374e+04   1.05   1.28   0.95      200.0      200.0    1.31279   -0.11311    0.04329   35.13152       0.0   3   0.0     0.0   0  
   70   1771.000   4479.000   146.21123   9.61647   23.973    0.372   24.514    0.480   26.605   1.100   22.812   0.075   21.136    0.066   1.96   5.000e+08   1.400e+10   3.000e+06   3.182e+04   1.813e+05   5.590e+03   0.59    1.5   0.25    1.09854   -0.34856      200.0    0.00384   -0.00016    2.09297   0.12332   4   0.0     0.0   0  
   71   1753.000   4478.000   146.21143   9.61646   24.233    0.447   24.181    0.362   24.760   0.193   22.852   0.076   20.685    0.065   1.97   1.100e+10   1.400e+10   9.000e+06   5.296e+05   6.722e+05   1.647e+04   0.78    1.5   0.66    3.12727    1.14687   -0.25193    0.07677   -0.01863    4.09193    0.0065   5   0.0     0.0   0  
   72   1658.616   4473.000   146.21246   9.61641   24.337    0.853   23.112    0.227   23.597   0.146   21.331   0.075   22.139    0.092   1.87   1.000e+06   1.000e+06   1.000e+06   2.350e+03   2.671e+03   2.038e+03   0.73   0.78   0.68   -1.19751   -0.34841    0.05529    0.96689   -0.18921    29.2873       0.0   5   4.0     4.0   0  
   73   4412.000   4485.650   146.18175   9.61655   25.527    1.443   26.562    2.662   24.435   0.168   24.051   0.097   22.876    0.107   1.60   3.000e+08   2.000e+09   6.000e+06   1.662e+03   7.019e+03   4.074e+02   0.11   0.89    0.0      200.0      200.0    0.00981    0.00031   -0.00428      0.005   0.94362   3   0.0     0.0   0  
   74   4253.967   4480.573   146.18350   9.61649   22.634    0.185   22.572    0.199   22.498   0.129   22.110   0.076   21.317    0.069   1.63   5.000e+08   8.000e+08   8.000e+07   1.017e+04   1.503e+04   8.190e+03   0.01    0.4    0.0    0.03978   -0.11612   -0.00912    0.04508   -0.02052    0.28551    0.8359   5   1.0   1.333   0  
   75   4244.000   4477.000   146.18361   9.61645   23.130    0.230   23.922    0.311   23.968   0.184   23.701   0.094   23.377    0.154   1.57   9.000e+07   1.000e+08   7.000e+06   9.612e+02   1.231e+03   1.769e+02   0.09   0.35    0.0    0.22928   -0.42873    0.00377    0.08908   -0.08673    1.61213   0.18418   5   0.0     0.0   0  
   76   4076.613   4481.389   146.18549   9.61650   26.554    2.854   25.161    0.758   24.732   0.214   24.379   0.100   23.029    0.095   1.79   3.000e+08   4.000e+09   6.000e+06   1.735e+03   8.178e+03   5.393e+02   0.22    1.0    0.0      200.0   -0.34483    0.12707   -0.01213   -0.00113    0.30784   0.73503   4   0.0     0.0   0  
   77   4209.657   4473.000   146.18399   9.61641   25.257    1.030   25.070    0.835   24.391   0.201   24.609   0.181   23.436    0.146   1.38   3.000e+08   1.000e+09   3.000e+07   8.038e+02   3.237e+03   5.579e+02    0.0    0.5    0.0      200.0   -0.53927    0.38093   -0.13307    0.02043    1.94261   0.14333   4   0.0     0.0   0  
   78   4177.424   4474.347   146.18436   9.61642   23.972    0.352   24.124    0.409   24.585   0.209   24.246   0.114   22.590    0.089   1.55   1.000e+07   3.000e+08   9.000e+06   1.039e+03   3.622e+03   7.590e+02   0.72   0.95   0.21    0.80477    0.25607    0.21757   -0.15903    0.07267    2.22945   0.08252   5   0.0     0.0   0  
   79   4202.000   4471.546   146.18408   9.61639   24.105    0.417   23.914    0.306   25.109   0.420   24.193   0.163   22.596    0.104   1.31   1.000e+07   4.000e+07   9.000e+06   1.031e+03   3.891e+03   7.554e+02   0.71   0.98   0.56    0.61782    0.42392   -0.33947   -0.12978    0.05692    1.49721   0.21304   5   0.0     0.0   0  
   80   4197.496   4467.000   146.18413   9.61634   24.721    0.799   24.612    0.445   24.307   0.199   24.428   0.148   23.281    0.166   1.31   3.000e+08   1.000e+09   8.000e+06   9.380e+02   2.887e+03   3.139e+02   0.01   0.56    0.0   -0.24451   -0.19791    0.33919   -0.08651    0.02639    0.96451   0.40833   5   0.0     0.0   0  
   81   4117.000   4471.000   146.18503   9.61639   22.707    0.196   23.213    0.216   24.043   0.145   23.653   0.086   22.850    0.095   1.68   1.000e+07   4.000e+07   9.000e+06   3.857e+02   1.161e+03   2.861e+02   0.26   0.42   0.12     0.2402    -0.1034    -0.0921    -0.0009     0.0297    0.66515   0.57335   5   0.0     0.0   0  
   82   4101.000   4470.754   146.18521   9.61638   23.661    0.310   23.628    0.266   24.828   0.224   24.393   0.123   23.189    0.134   1.90   1.000e+07   3.000e+07   9.000e+06   3.203e+02   1.169e+03   2.189e+02   0.39   0.62   0.26    0.31427    0.34727   -0.12963   -0.10913    0.13667    1.39679   0.24163   5   0.0     0.0   0  
   83   4460.334   4472.316   146.18120   9.61640   23.834    0.379   24.051    0.324   24.511   0.178   24.408   0.124   23.218    0.107   1.68   1.000e+07   3.000e+08   9.000e+06   3.535e+02   1.198e+03   2.502e+02   0.42   0.63    0.0    0.22428   -0.02972    0.20608   -0.13232    0.05678    0.98716    0.3976   5   0.0     0.0   0  
   84   4231.968   4467.951   146.18375   9.61635   23.619    0.291   24.285    0.343   24.984   0.356   24.172   0.146   23.117    0.115   1.73   1.000e+07   5.000e+07   9.000e+06   4.491e+02   1.508e+03   3.041e+02   0.48   0.69   0.27    0.55906   -0.21734   -0.27504    0.04136    0.01026    1.20159   0.30743   5   0.0     0.0   0  
   85   4222.367   4466.331   146.18385   9.61633   23.242    0.219   23.464    0.222   23.833   0.150   23.568   0.089   22.698    0.095   1.56   4.000e+07   2.000e+08   7.000e+06   1.174e+03   2.154e+03   3.998e+02   0.25   0.52    0.0    0.05507   -0.10173    0.08167   -0.01343   -0.00183    0.19646   0.89886   5   0.0     0.0   0  
   86   4428.389   4461.000   146.18155   9.61628   23.600    0.224   24.268    0.326   24.193   0.160   23.741   0.094   22.791    0.094   1.62   3.000e+08   5.000e+08   7.000e+06   1.531e+03   2.923e+03   4.405e+02   0.01   0.62    0.0    0.34491   -0.38549   -0.07839    0.06892   -0.01519     1.5148   0.20837   5   0.0     0.0   0  
   87   4346.768   4459.722   146.18246   9.61626   22.858    0.192   23.547    0.248   23.718   0.140   23.325   0.092   22.367    0.105   1.67   4.000e+07   3.000e+08   9.000e+06   1.693e+03   2.531e+03   6.296e+02    0.3   0.47    0.0    0.35935   -0.32685    0.00905   -0.00245    0.02575     1.6557   0.17422   5   0.0     0.0   0  
   88   4174.000   4461.000   146.18439   9.61628   99.999   99.999   27.480    6.181   24.643   0.204   24.917   0.167   23.725    0.189   1.41   3.000e+08   1.000e+09   9.000e+06   6.126e+02   1.960e+03   1.018e+02    0.0   0.58    0.0      200.0      200.0    0.42385   -0.14615    0.02635    3.85519   0.04959   3   0.0     0.0   0  
   89   4243.791   4459.000   146.18361   9.61625   24.157    0.377   23.529    0.261   24.407   0.169   24.167   0.100   23.235    0.136   1.38   1.400e+07   2.000e+08   6.000e+06   8.219e+02   1.363e+03   2.304e+02   0.49   0.65    0.0   -0.24034    0.26586    0.11586   -0.04174    0.01156    0.64547   0.58571   5   0.0     0.0   0  
   90   4459.436   4458.542   146.18121   9.61625   23.137    0.226   23.339    0.221   24.096   0.160   24.042   0.106   23.631    0.164   1.53   5.000e+07   1.000e+08   5.000e+06   4.035e+02   6.901e+02   8.678e+01    0.0   0.41    0.0   -0.07103    0.07136    0.03586   -0.01363    0.00307    0.08963   0.96577   5   0.0     0.0   0  
   91   4300.000   4445.000   146.18298   9.61610   25.188    0.860   25.445    0.922   24.871   0.236   23.685   0.086   22.451    0.083   1.25   4.000e+06   1.400e+10   2.000e+06   2.563e+03   4.151e+04   2.043e+03   1.17   1.29    0.0    0.33847   -0.76543    0.17057    0.00677   -0.00663     0.6759   0.56668   5   0.0     0.0   0  
   92   4402.375   4441.193   146.18184   9.61606   24.111    0.348   99.999   99.999   24.557   0.187   24.424   0.119   23.430    0.133   1.40   3.000e+07   5.000e+08   7.000e+06   5.127e+02   1.332e+03   1.834e+02   0.28   0.59    0.0   -0.03351      200.0    0.16419   -0.06651    0.03129    0.52974   0.58876   4   0.0     0.0   0  
   93   4453.000   4440.000   146.18127   9.61604   22.320    0.179   23.207    0.234   24.082   0.172   24.386   0.130   23.606    0.131   1.83   1.000e+07   2.000e+07   1.000e+07   1.081e+02   2.791e+02   1.081e+02    0.0   0.11    0.0    0.34223   -0.04547    0.15643   -0.21987    0.16313    2.76564   0.04026   5   0.0     0.0   0  
   94   4527.728   4438.000   146.18044   9.61602   23.552    0.274   23.732    0.259   23.735   0.146   23.911   0.103   23.385    0.124   1.26   1.000e+08   1.000e+08   7.000e+06   8.534e+02   1.134e+03   1.807e+02   0.06   0.33    0.0    -0.1283    -0.1554     0.3145    -0.0302    -0.0253    1.43049   0.23166   5   0.0     0.0   0  
   95   4481.000   4429.000   146.18097   9.61592   21.758    0.170   22.506    0.202   24.000   0.167   24.216   0.112   24.912    0.492   1.31   5.000e+06   5.000e+06   5.000e+06   7.079e+01   7.569e+01   7.079e+01    0.0   0.02    0.0    0.43115    0.22465    0.09905   -0.11315   -0.54735    2.97927   0.03013   5   0.0     0.0   0  
   96   4476.000   4429.684   146.18102   9.61593   22.131    0.186   22.836    0.229   24.278   0.237   24.327   0.120   25.585    1.183   1.23   5.000e+06   5.000e+06   5.000e+06   6.127e+01   7.364e+01   6.127e+01    0.0   0.05    0.0    0.21497    0.05147   -0.02213   -0.06733      200.0    0.74573   0.47439   4   0.0     0.0   0  
   97   4465.000   4431.672   146.18114   9.61595   22.677    0.202   23.285    0.249   23.651   0.154   23.232   0.083   22.346    0.076   1.77   3.000e+07   5.000e+07   9.000e+06   1.426e+03   2.347e+03   5.960e+02   0.28   0.51    0.2    0.29012   -0.25878   -0.04018    0.01512    0.00492    1.02438   0.38049   5   0.0     0.0   0  
   98   4470.271   4424.000   146.18109   9.61587   21.115    0.161   21.747    0.192   22.347   0.129   22.157   0.075   21.660    0.068   1.59   4.000e+07   5.000e+07   9.000e+06   2.056e+03   2.904e+03   7.707e+02   0.02   0.25    0.0    0.10366   -0.16824   -0.00684    0.02406   -0.00654     0.4627   0.70833   5   1.0   1.333   0  
   99   4172.000   4434.342   146.18442   9.61598   24.276    0.419   24.809    0.683   25.486   0.363   24.776   0.132   23.395    0.119   1.59   1.000e+07   3.000e+08   8.000e+06   4.392e+02   2.012e+03   2.912e+02   0.63   0.91   0.14     0.8713     0.0475    -0.1249    -0.0473     0.0357    0.80103   0.49306   5   0.0     0.0   0  
  100   4328.011   4433.035   146.18266   9.61597   24.377    0.442   27.753    7.976   25.040   0.324   25.152   0.272   24.655    0.363   1.69   9.000e+07   2.000e+08   5.000e+06   2.245e+02   4.211e+02   2.547e+01    0.0   0.56    0.0   -0.01444      200.0    0.13216   -0.08444    0.04317    0.13318    0.8753   4   0.0     0.0   0  
  101   3402.978   4434.429   146.19299   9.61598   25.377    1.287   24.090    0.317   24.229   0.162   23.933   0.081   22.856    0.075   1.63   3.000e+08   7.000e+08   7.000e+06   1.500e+03   3.678e+03   4.914e+02   0.04   0.68    0.0      200.0   -0.03297    0.03313   -0.00217   -0.00297      0.027   0.97336   4   0.0     0.0   0  
  102   1610.343   4420.000   146.21301   9.61582   23.639    0.314   24.683    0.719   23.937   0.135   24.355   0.234   23.029    0.209   2.16   2.000e+08   4.000e+08   1.000e+08   9.303e+02   1.715e+03   9.181e+02    0.0   0.24    0.0    0.18911   -0.79409    0.27301   -0.35708    0.21422    3.42726   0.01632   5   0.0     0.0   0  
  103   1521.257   4316.808   146.21400   9.61469   24.195    0.536   22.791    0.222   24.716   0.207   25.346   0.331   99.999   99.999   1.89   6.000e+06   6.000e+07   5.000e+06   4.349e+01   2.467e+02   2.598e+01   0.12   0.32    0.0   -0.53843    1.18857    0.29037   -0.36193      200.0    7.73921   0.00044   4   0.0     0.0   0  
  104   1565.000   4367.555   146.21352   9.61525   21.517    0.168   24.853    0.707   24.547   0.236   24.688   0.172   23.768    0.400   1.80   3.000e+07   1.000e+08   7.000e+06   1.693e+02   4.803e+02   3.728e+01    0.0   0.24    0.0    1.97302   -0.94418    0.20062   -0.05928    0.36782   11.72048       0.0   5   0.0     0.0   0  
  105   4512.000   4417.420   146.18062   9.61580   99.999   99.999   24.565    0.682   24.111   0.184   23.605   0.097   22.735    0.095   1.71   1.000e+09   1.000e+09   7.000e+06   5.380e+03   6.876e+03   5.916e+02   0.07   0.64    0.0      200.0   -0.32609   -0.00999    0.03291   -0.01709    0.22927   0.79511   4   0.0     0.0   0  
  106   4491.421   4425.000   146.18085   9.61588   22.149    0.188   22.077    0.194   22.756   0.129   22.623   0.077   22.292    0.082   1.27   6.000e+06   1.000e+08   5.000e+06   7.862e+02   2.554e+03   4.227e+02   0.36   0.44    0.0   -0.10526   -0.01426    0.11774    0.02304   -0.03796     0.4696   0.70347   5   0.0     0.0   0  
  107   4456.248   4428.000   146.18124   9.61591   23.495    0.316   23.807    0.343   24.487   0.207   24.656   0.182   25.033    0.536   1.57   7.000e+06   1.300e+07   5.000e+06   3.725e+01   1.195e+02   3.613e+01    0.0   0.27    0.0   -0.13409      1e-05    0.19021    0.02911   -0.42169    0.62117   0.60121   5   0.0     0.0   0  
  108   4110.000   4425.681   146.18510   9.61589   99.999   99.999   25.259    0.653   24.552   0.200   24.208   0.095   23.623    0.169   1.58   1.000e+09   1.000e+09   5.000e+08   2.411e+03   2.996e+03   1.362e+03    0.0   0.08    0.0      200.0   -0.50474    0.12736    0.06956   -0.16524    1.47374   0.22907   4   0.0     0.0   0  
  109   4578.000   4427.088   146.17989   9.61590   22.882    0.196   23.647    0.280   24.252   0.177   24.065   0.106   23.272    0.114   1.70   1.000e+07   4.000e+07   9.000e+06   2.287e+02   6.901e+02   1.638e+02    0.2   0.36   0.01    0.24965   -0.27655    0.01405   -0.04485    0.06195    1.01058   0.38676   5   0.0     0.0   0  
  110   4382.000   4418.636   146.18207   9.61581   22.943    0.189   99.999   99.999   25.649   0.410   24.245   0.108   22.785    0.115   1.42   1.000e+07   4.000e+07   3.000e+06   9.501e+02   3.665e+03   6.345e+02   0.75   1.36    0.6    2.11884      200.0   -0.62376    0.03674    0.03044   14.34722       0.0   4   0.0     0.0   0  
  111   4236.000   4410.707   146.18370   9.61572   22.701    0.185   23.795    0.296   24.284   0.201   24.024   0.097   23.243    0.157   1.20   3.000e+07   4.000e+07   9.000e+06   3.982e+02   5.977e+02   1.459e+02   0.09   0.29    0.0     0.4383    -0.3545    -0.0864    -0.0231     0.1347    2.23816   0.08158   5   0.0     0.0   0  
  112   4482.212   4406.319   146.18095   9.61567   23.800    0.258   25.110    0.812   24.914   0.179   24.332   0.109   23.368    0.115   1.56   3.000e+07   3.000e+08   7.000e+06   6.239e+02   1.427e+03   2.310e+02   0.35   0.64    0.0    0.50888   -0.82913   -0.11222    0.04367    0.01158    1.80938     0.143   5   0.0     0.0   0  
  113   4534.000   4400.083   146.18037   9.61561   23.470    0.224   24.049    0.277   23.818   0.140   23.584   0.083   22.804    0.083   1.22   2.000e+08   5.000e+08   8.000e+06   1.570e+03   2.690e+03   4.526e+02   0.06   0.47    0.0    0.17246   -0.42214    0.07586    0.04556   -0.01674    1.52673   0.20525   5   0.0     0.0   0  
  114   4626.000   4399.860   146.17935   9.61560   21.256    0.161   21.901    0.194   23.505   0.140   23.341   0.083   22.990    0.086   1.29   1.500e+07   1.500e+07   1.400e+07   4.539e+02   5.431e+02   3.945e+02   0.01   0.07    0.0     0.3255     0.1737    -0.2239    -0.0456     0.0921    2.75306   0.04095   5   0.0     0.0   0  
  115   4350.368   4398.000   146.18242   9.61558   23.993    0.382   24.072    0.342   23.730   0.150   23.697   0.091   22.997    0.097   1.56   9.000e+07   9.000e+08   7.000e+06   1.744e+03   3.793e+03   3.663e+02   0.26    0.5    0.0    -0.1994    -0.3581     0.3087     0.0123    -0.0324    1.73612   0.15716   5   0.0     0.0   0  
  116   4128.000   4398.004   146.18491   9.61558   21.919    0.168   22.440    0.198   23.798   0.148   23.839   0.096   23.918    0.231   1.44   5.000e+06   6.000e+06   5.000e+06   9.576e+01   1.326e+02   8.914e+01   0.01    0.1    0.0     0.0067     0.0139     0.0153    -0.0301     0.1379    0.14411   0.93349   5   0.0     0.0   0  
  117   4434.000   4395.000   146.18149   9.61555   23.682    0.322   24.781    0.567   26.628   1.044   24.259   0.121   22.473    0.078   1.28   1.000e+07   3.000e+08   9.000e+06   1.672e+03   6.484e+03   1.246e+03   0.91   1.19   0.36    1.76371     0.0496      200.0    -0.0733    0.02351    3.90952   0.02005   4   0.0     0.0   0  
  118   2525.613   4389.000   146.20279   9.61548   24.350    0.646   24.211    0.396   23.773   0.141   23.312   0.079   22.299    0.073   1.85   8.000e+08   1.000e+09   4.000e+08   7.219e+03   1.044e+04   4.157e+03   0.13   0.21   0.05    0.18719   -0.23051    0.02929   -0.00011     0.0015    0.17793   0.91141   5   0.0     0.0   0  
  119   4672.000   4389.000   146.17883   9.61548   21.266    0.161   22.121    0.193   23.567   0.137   23.750   0.086   23.797    0.169   1.32   5.000e+06   5.000e+06   5.000e+06   1.091e+02   1.203e+02   1.091e+02    0.0   0.03    0.0     0.4535       0.14     0.0624    -0.1168      0.098    2.77455   0.03978   5   0.0     0.0   0  
  120   4665.000   4374.640   146.17891   9.61533   21.507    0.179   22.676    0.223   23.627   0.160   23.681   0.117   24.080    0.208   1.61   5.000e+06   6.000e+06   5.000e+06   1.002e+02   1.236e+02   9.575e+01    0.0   0.06    0.0    0.30502   -0.32248    0.09492    0.04472   -0.09248    1.90669   0.12605   5   0.0     0.0   0  
  121   4681.571   4375.665   146.17873   9.61534   20.612    0.158   21.056    0.188   21.742   0.126   21.502   0.075   20.940    0.065   1.60   4.000e+07   5.000e+07   9.000e+06   4.278e+03   5.873e+03   1.560e+03   0.06   0.31   0.01    0.06799   -0.06811   -0.02902    0.01728   -0.00612    0.14313   0.93411   5   1.0   1.333   0  
  122   4686.916   4366.115   146.17867   9.61523   22.750    0.303   22.946    0.232   24.611   0.233   23.657   0.109   23.919    0.213   1.49   2.000e+06   3.000e+06   1.000e+06   1.317e+02   1.942e+02   8.571e+01   0.21   0.33   0.07    0.09423    0.15043   -0.15337   -0.02037    0.11003    0.41068   0.74533   5   0.0     0.0   0  
  123   4652.487   4356.000   146.17905   9.61512   20.235    0.159   21.051    0.188   22.577   0.128   22.634   0.081   21.905    0.076   1.34   1.000e+07   2.000e+07   1.000e+07   5.232e+02   1.088e+03   5.232e+02    0.0   0.05    0.0    0.71494    0.39824   -0.05086   -0.18016    0.15184    7.82913     3e-05   5   0.0     0.0   0  
  124   4645.000   4364.000   146.17914   9.61521   22.304    0.333   22.781    0.303   24.310   0.277   24.020   0.193   24.327    0.259   1.24   3.000e+06   6.000e+06   2.000e+06   6.078e+01   1.178e+02   5.257e+01   0.04   0.17    0.0    0.03659    0.03789    0.03879   -0.07171    0.06949    0.08692   0.96723   5   0.0     0.0   0  
  125   4651.356   4363.107   146.17906   9.61520   21.104    0.168   21.830    0.199   23.664   0.169   23.652   0.106   23.883    0.212   1.72   5.000e+06   5.000e+06   5.000e+06   1.165e+02   1.283e+02   1.165e+02    0.0   0.03    0.0    0.54457    0.36006   -0.10553   -0.08974   -0.05893    3.38625   0.01726   5   0.0     0.0   0  
  126   4620.000   4389.000   146.17941   9.61548   21.214    0.162   21.848    0.194   23.195   0.132   23.368   0.091   22.793    0.085   1.53   1.500e+07   2.000e+07   1.000e+07   5.171e+02   6.378e+02   2.600e+02   0.02   0.09    0.0    0.29033    0.13633   -0.01327   -0.18047    0.16664    3.62541   0.01241   5   0.0     0.0   0  
  127   1537.000   4341.222   146.21384   9.61496   25.300    1.090   23.393    0.224   23.926   0.129   24.240   0.345   24.350    0.929   1.56   8.000e+06   1.000e+08   6.000e+06   7.719e+01   7.449e+02   6.496e+01    0.0   0.31    0.0      200.0   -0.15179    0.13901   -0.19769   -0.45039    1.15393   0.31539   4   0.0     0.0   0  
  128   4430.775   4385.073   146.18153   9.61544   23.789    0.355   24.148    0.377   25.487   0.363   24.647   0.138   23.492    0.197   1.47   1.000e+07   4.000e+07   9.000e+06   2.622e+02   1.167e+03   1.435e+02   0.43   0.73   0.23    0.65723    0.24893   -0.40337   -0.01377    0.12613    1.48776   0.21559   5   0.0     0.0   0  
  129   4638.000   4382.394   146.17921   9.61541   22.668    0.219   23.146    0.301   24.430   0.243   24.082   0.112   23.720    0.121   1.79   1.100e+07   2.000e+07   9.000e+06   1.419e+02   3.886e+02   9.365e+01   0.04   0.21    0.0    0.06341    0.02421   -0.20869    0.03741    0.00621    0.36413   0.77891   5   0.0     0.0   0  
  130   4497.000   4382.000   146.18079   9.61541   24.110    0.391   25.128    0.838   27.970   3.140   24.311   0.108   22.723    0.095   1.37   1.000e+07   4.000e+08   5.000e+06   1.105e+03   6.458e+03   7.677e+02    0.8   1.31   0.22    1.09973   -0.40767      200.0   -0.03147    0.02043    1.80413   0.16462   4   0.0     0.0   0  
  131   4293.744   4382.011   146.18306   9.61541   24.079    0.403   25.083    0.726   24.394   0.176   24.278   0.099   23.754    0.167   1.79   9.000e+07   2.000e+08   7.000e+06   8.043e+02   1.107e+03   1.489e+02   0.19   0.46    0.0    0.11085   -0.88575    0.19145    0.03915   -0.08095    1.67436   0.17012   5   0.0     0.0   0  
  132   4113.440   4380.464   146.18507   9.61539   23.763    0.302   23.388    0.235   23.679   0.140   23.668   0.087   23.449    0.162   1.21   9.000e+07   1.000e+08   6.000e+06   1.034e+03   1.249e+03   1.957e+02    0.1   0.48   0.02    -0.4189     0.0774     0.2558     0.0765    -0.2188    2.85848    0.0355   5   0.0     0.0   0  
  133   4634.000   4365.000   146.17926   9.61522   20.729    0.161   21.314    0.189   22.896   0.129   23.025   0.084   23.265    0.114   1.21   5.000e+06   5.000e+06   5.000e+06   2.045e+02   2.173e+02   2.045e+02    0.0   0.02    0.0    0.30865    0.26515    0.05155   -0.07365   -0.05185    1.84196    0.1371   5   0.0     0.0   0  
  134   4627.000   4374.307   146.17934   9.61532   19.706    0.159   20.391    0.188   21.810   0.127   22.004   0.079   21.907    0.080   1.25   5.000e+06   1.500e+07   5.000e+06   6.062e+02   1.467e+03   5.280e+02   0.02   0.09    0.0    0.28051    0.11041    0.04191   -0.16479    0.16451     3.8494    0.0091   5   0.0     0.0   0  
  135   4633.000   4375.000   146.17928   9.61533   19.546    0.158   20.274    0.187   21.861   0.128   21.880   0.078   21.816    0.069   1.49   5.000e+06   6.000e+06   5.000e+06   7.297e+02   8.651e+02   5.752e+02   0.05   0.11    0.0    0.43233    0.17963   -0.08367   -0.14027    0.11183    4.13208   0.00614   5   4.0     4.0   0  
  136   4630.493   4371.000   146.17931   9.61529   20.066    0.165   20.646    0.195   22.225   0.131   22.233   0.087   22.205    0.099   1.49   5.000e+06   5.000e+06   5.000e+06   4.648e+02   5.795e+02   4.350e+02   0.02   0.09    0.0    0.20899    0.14389   -0.08461   -0.10531    0.15499    2.00004    0.1116   5   0.0     0.0   0  
  137   4341.000   4377.000   146.18253   9.61535   24.785    0.722   24.177    0.372   24.822   0.217   24.209   0.118   22.735    0.107   1.49   1.000e+07   3.000e+08   9.000e+06   9.177e+02   4.035e+03   6.386e+02    0.7   0.95   0.21    0.00123    0.23603    0.03183   -0.05217    0.02543    0.20212   0.89498   5   0.0     0.0   0  
  138   4664.638   4369.957   146.17892   9.61527   21.850    0.187   23.079    0.247   23.767   0.172   24.017   0.128   23.449    0.133   1.88   1.000e+07   2.000e+07   9.000e+06   1.403e+02   3.618e+02   1.180e+02    0.0   0.11    0.0    0.52876   -0.20094    0.18796   -0.13434    0.03666    2.71243   0.04326   5   0.0     0.0   0  
  139   4597.000   4351.727   146.17967   9.61507   21.841    0.180   22.525    0.220   23.675   0.158   23.670   0.102   23.800    0.189   1.57   5.000e+06   6.000e+06   5.000e+06   1.285e+02   1.696e+02   9.968e+01   0.06   0.14    0.0    0.08724   -0.13466    0.03004   -0.01086    0.03254    0.23896   0.86922   5   0.0     0.0   0  
  140   4606.000   4313.000   146.17957   9.61465   22.003    0.175   22.972    0.247   24.336   0.204   23.989   0.123   24.008    0.182   1.94   3.000e+06   1.500e+07   3.000e+06   6.387e+01   2.375e+02   5.498e+01   0.04   0.17    0.0    0.28389   -0.20681   -0.04091   -0.09441    0.33479    2.02619   0.10785   5   0.0     0.0   0  
  141   4594.565   4336.000   146.17970   9.61490   23.063    0.302   24.157    0.452   24.614   0.243   24.257   0.182   23.034    0.146   1.40   1.000e+07   3.000e+08   9.000e+06   4.142e+02   1.565e+03   2.567e+02   0.43   0.68    0.0    0.88651   -0.25679   -0.02709   -0.12049    0.08741    1.75637   0.15312   5   0.0     0.0   0  
  142   4623.589   4342.421   146.17937   9.61497   21.462    0.164   21.977    0.194   23.181   0.135   23.049   0.083   22.364    0.078   1.82   1.000e+07   2.000e+07   1.000e+07   4.093e+02   1.129e+03   3.500e+02   0.07    0.2   0.02    0.20518    0.09708   -0.09342   -0.09402    0.09238    1.57993   0.19187   5   0.0     0.0   0  
  143   4597.000   4310.429   146.17967   9.61462   21.377    0.162   21.888    0.191   22.885   0.130   22.866   0.081   22.593    0.087   1.20   1.200e+07   2.000e+07   9.000e+06   4.832e+02   9.276e+02   2.922e+02   0.03   0.12    0.0    0.04167   -0.02193    0.00648   -0.01422    0.00728    0.03926   0.98962   5   0.0     0.0   0  
  144   4605.000   4338.671   146.17958   9.61493   21.085    0.165   21.607    0.194   23.182   0.140   23.058   0.090   22.496    0.091   1.37   1.000e+07   2.000e+07   1.000e+07   3.266e+02   8.730e+02   3.266e+02    0.0   0.12    0.0    0.37657    0.35387   -0.14423   -0.09253    0.07247    3.03361   0.02798   5   0.0     0.0   0  
  145   4619.438   4330.931   146.17941   9.61484   22.507    0.222   22.852    0.246   23.873   0.215   24.008   0.113   22.411    0.091   1.34   1.000e+07   2.000e+07   1.000e+07   7.270e+02   2.641e+03   4.645e+02   0.49   0.73   0.33    1.21115    0.74355    0.35475   -0.28495    0.21175   10.12058       0.0   5   0.0     0.0   0  
  146   4607.000   4320.059   146.17957   9.61472   21.153    0.173   22.367    0.237   24.183   0.276   23.611   0.127   22.603    0.093   1.69   1.000e+07   2.000e+07   1.000e+07   4.107e+02   1.352e+03   2.829e+02   0.22   0.42   0.09    1.47103    0.47033   -0.46818   -0.15967    0.13333   10.81006       0.0   5   0.0     0.0   0  
  147   4604.004   4372.000   146.17960   9.61530   20.898    0.161   21.635    0.192   23.077   0.135   22.912   0.081   22.933    0.087   1.50   5.000e+06   5.000e+06   5.000e+06   2.835e+02   3.399e+02   2.333e+02   0.08   0.14   0.02    0.29983   -0.00127   -0.14647   -0.04407    0.07893    1.69032   0.16667   5   0.0     0.0   0  
  148   4604.000   4367.000   146.17960   9.61524   21.180    0.160   21.984    0.196   23.480   0.147   23.232   0.083   23.452    0.127   1.48   5.000e+06   5.000e+06   3.000e+06   1.575e+02   1.986e+02   1.131e+02   0.01   0.08    0.0    0.20564   -0.07015   -0.20676    0.03684    0.06384    1.44557   0.22733   5   0.0     0.0   0  
  149   4588.437   4345.578   146.17976   9.61501   21.944    0.169   22.633    0.225   23.129   0.139   22.812   0.080   21.812    0.068   1.90   1.000e+07   4.000e+07   9.000e+06   1.159e+03   2.776e+03   9.792e+02   0.35   0.42   0.21    0.38126   -0.25814    0.00526   -0.05644    0.04236    2.06513   0.10248   5   4.0     4.0   0  
  150   4612.000   4333.000   146.17950   9.61487   22.322    0.325   23.315    0.566   24.048   0.297   23.180   0.128   21.071    0.067   1.23   1.000e+07   6.000e+08   7.000e+06   8.859e+03   5.649e+04   6.822e+03   1.13   1.41    0.6    2.67672    0.82382    0.13802   -0.09828    0.01812    3.76407   0.01025   5   0.0     0.0   0  
  151   4614.810   4324.000   146.17947   9.61477   21.129    0.169   21.815    0.202   23.225   0.157   23.125   0.102   22.975    0.154   2.04   1.500e+07   1.500e+07   5.000e+06   5.142e+02   5.860e+02   1.998e+02    0.0    0.1    0.0    0.25251    0.07301   -0.12159    0.00111   -0.04749    0.89009    0.4453   5   4.0     4.0   0  
  152   4605.000   4325.000   146.17958   9.61478   21.277    0.165   22.041    0.209   23.289   0.147   23.325   0.091   22.543    0.089   1.58   1.000e+07   2.000e+07   1.000e+07   2.841e+02   6.674e+02   2.754e+02   0.01   0.09    0.0    0.40046    0.12246   -0.05773   -0.17464    0.19587    4.32616   0.00468   5   0.0     0.0   0  
  153   4617.000   4357.247   146.17944   9.61513   21.381    0.164   22.212    0.198   23.915   0.169   24.026   0.127   24.443    0.269   1.47   5.000e+06   5.000e+06   5.000e+06   8.504e+01   9.061e+01   8.504e+01    0.0   0.02    0.0    0.60909    0.31959   -0.01501   -0.12221   -0.27741    4.15333   0.00596   5   0.0     0.0   0  
  154   4616.208   4340.468   146.17946   9.61495   21.025    0.163   21.936    0.206   23.345   0.162   23.452   0.104   24.147    0.331   1.34   5.000e+06   5.000e+06   5.000e+06   1.347e+02   1.438e+02   1.347e+02    0.0   0.02    0.0    0.46605    0.09655    0.05595   -0.04725   -0.48045    3.08902   0.02594   5   0.0     0.0   0  
  155   4702.000   4366.681   146.17850   9.61524   21.520    0.160   22.227    0.198   23.637   0.141   23.321   0.084   23.340    0.124   1.42   5.000e+06   1.500e+07   3.000e+06   2.079e+02   4.072e+02   1.215e+02   0.12   0.19    0.0    0.27117   -0.05213   -0.20123    0.01877    0.08507    1.75488   0.15341   5   0.0     0.0   0  
  156   4340.615   4367.998   146.18253   9.61525   23.237    0.259   24.232    0.413   24.700   0.225   24.239   0.119   22.737    0.109   1.27   1.000e+07   4.000e+07   9.000e+06   7.328e+02   2.664e+03   5.069e+02   0.61   0.85   0.44     1.2288    -0.0331     0.0217    -0.1314     0.1008    3.41329   0.01663   5   0.0     0.0   0  
  157   4569.789   4366.000   146.17998   9.61523   23.113    0.229   23.457    0.239   24.942   0.275   24.498   0.144   23.176    0.104   1.69   1.000e+07   2.000e+07   1.000e+07   2.988e+02   1.015e+03   2.092e+02   0.36   0.57   0.24    0.74759    0.44069   -0.29391   -0.23751    0.16899    5.01135   0.00179   5   0.0     0.0   0  
  158   3823.970   4366.000   146.18829   9.61523   23.912    0.343   24.539    0.440   25.169   0.292   24.308   0.102   23.145    0.090   1.96   1.000e+07   5.000e+07   5.000e+06   5.068e+02   1.726e+03   3.568e+02   0.56   0.99   0.39    0.63937   -0.19473   -0.25633    0.03637      7e-05    1.10757   0.34449   5   0.0     0.0   0  
  159   4347.000   4365.390   146.18246   9.61522   22.762    0.212   22.984    0.228   24.044   0.157   23.860   0.119   23.240    0.130   1.20   1.000e+07   4.000e+07   9.000e+06   2.173e+02   7.266e+02   1.491e+02   0.13   0.32    0.0   -0.02252    0.08438   -0.01653   -0.01723    0.01738     0.0628   0.97944   5   0.0     0.0   0  
  160   4584.018   4360.631   146.17982   9.61517   22.988    0.220   22.855    0.206   24.120   0.163   23.692   0.090   23.347    0.130   1.70   5.000e+06   6.000e+06   5.000e+06   3.580e+02   4.590e+02   2.492e+02    0.4   0.48   0.31   -0.00148    0.16033   -0.09508   -0.00097    0.02092    0.30688   0.82045   5   0.0     0.0   0  
  161   4486.000   4363.968   146.18091   9.61521   23.221    0.232   23.986    0.289   24.523   0.191   24.221   0.106   23.677    0.178   1.27   4.000e+07   1.000e+08   7.000e+06   3.419e+02   6.598e+02   9.533e+01   0.06   0.35    0.0    0.20233   -0.25477   -0.06667    0.04163    0.00023    0.63274    0.5938   5   0.0     0.0   0  
  162   4458.704   4360.774   146.18121   9.61517   23.023    0.229   22.913    0.203   23.827   0.151   23.672   0.089   22.619    0.083   1.43   1.000e+07   3.000e+07   1.000e+07   5.212e+02   1.648e+03   4.359e+02   0.33   0.51   0.21    0.04279    0.22729    0.09099   -0.11491    0.06549    1.27639   0.28051   5   0.0     0.0   0  
  163   4455.631   4359.696   146.18124   9.61516   22.509    0.183   22.895    0.208   23.949   0.151   23.627   0.090   22.876    0.102   1.62   1.000e+07   3.000e+07   9.000e+06   3.270e+02   9.883e+02   2.493e+02   0.19   0.35   0.07    0.17076    0.03636   -0.11294   -0.02814    0.05106    0.57858   0.62902   5   0.0     0.0   0  
  164   4409.062   4357.497   146.18176   9.61514   24.364    0.522   24.468    0.592   24.888   0.248   25.122   0.194   23.265    0.110   1.35   3.000e+08   4.000e+08   9.000e+06   1.604e+03   3.372e+03   4.128e+02   0.34   1.05   0.16    1.61639    1.04399    0.55839   -0.27691     0.0684    3.32734   0.01872   5   0.0     0.0   0  
  165   4294.000   4350.000   146.18304   9.61505   20.400    0.157   21.210    0.188   22.759   0.132   22.798   0.078   22.327    0.087   1.50   1.500e+07   1.500e+07   1.500e+07   7.794e+02   9.054e+02   7.794e+02    0.0   0.05    0.0    0.53006    0.22656   -0.10705   -0.12334    0.14906    4.80379    0.0024   5   0.0     0.0   0  
  166   4292.000   4346.364   146.18307   9.61501   21.527    0.173   22.314    0.202   23.553   0.152   23.088   0.085   21.908    0.072   1.51   1.000e+07   2.000e+07   1.000e+07   1.051e+03   2.961e+03   8.373e+02   0.38   0.52    0.3    1.09465    0.31995   -0.18685   -0.12735    0.10865    8.05235     2e-05   5   0.0     0.0   0  
  167   4053.000   4349.168   146.18575   9.61504   21.943    0.167   21.527    0.189   21.884   0.126   21.806   0.074   21.198    0.067   1.35   9.000e+07   1.000e+08   6.000e+06   8.233e+03   9.487e+03   1.682e+03    0.2   0.58   0.14   -0.21513    0.19577    0.21787    0.01897   -0.03153    1.89159   0.12855   5   4.0     3.0   0  
  168   4216.000   4346.831   146.18391   9.61502   22.248    0.176   23.087    0.225   24.045   0.161   23.952   0.113   23.782    0.183   1.26   1.200e+07   2.000e+07   5.000e+06   1.567e+02   3.283e+02   7.501e+01    0.0   0.17    0.0    0.20049   -0.15151   -0.05701    0.02169   -0.01601    0.59336   0.61928   5   0.0     0.0   0  
  169   4377.000   4345.000   146.18213   9.61500   22.373    0.171   22.886    0.220   23.440   0.137   23.361   0.092   22.648    0.104   1.45   3.000e+07   5.000e+07   9.000e+06   7.505e+02   1.152e+03   3.079e+02   0.09   0.32   0.01    0.07824   -0.13356    0.06954   -0.04816    0.04164    0.43155    0.7304   5   0.0     0.0   0  
  170   4381.598   4338.379   146.18208   9.61493   23.697    0.291   23.338    0.261   23.119   0.139   22.651   0.078   21.588    0.069   1.92   6.000e+08   1.000e+09   8.000e+07   1.032e+04   1.886e+04   8.179e+03   0.13   0.57   0.07    0.01418   -0.06901    0.01109    0.00289   -0.00041    0.02819   0.99362   5   1.0    2.75   0  
  171   4670.508   4343.908   146.17885   9.61499   21.902    0.165   22.404    0.197   23.668   0.140   23.241   0.079   23.235    0.087   1.34   5.000e+06   5.000e+06   3.000e+06   2.933e+02   3.511e+02   1.839e+02   0.22   0.29   0.15    0.15567   -0.09143   -0.18413    0.06268    0.00747    1.22088   0.30027   5   0.0     0.0   0  
  172   4074.000   4343.701   146.18552   9.61498   21.859    0.167   22.554    0.201   24.249   0.165   23.679   0.089   23.990    0.166   1.53   3.000e+06   4.000e+06   3.000e+06   7.567e+01   9.967e+01   6.787e+01   0.03   0.11    0.0     0.1795    -0.0241    -0.1803    -0.0026     0.1498    1.04013   0.37343   5   0.0     0.0   0  
  173   4434.000   4342.584   146.18149   9.61497   23.801    0.285   24.313    0.432   24.834   0.206   24.371   0.113   24.338    0.314   1.38   4.000e+06   1.000e+08   2.000e+06   1.189e+02   5.019e+02   6.970e+01   0.37   0.51    0.0    0.05923   -0.37307    0.18703   -0.00397   -0.03777    0.60485   0.61177   5   0.0     0.0   0  
  174   4644.000   4339.725   146.17915   9.61494   21.228    0.159   22.011    0.194   23.527   0.137   23.536   0.093   22.897    0.087   1.26   1.000e+07   2.000e+07   1.000e+07   2.228e+02   5.604e+02   2.228e+02    0.0    0.1    0.0    0.64869    0.36499   -0.07411   -0.15541    0.08659    5.48064   0.00092   5   0.0     0.0   0  
  175   4647.000   4328.709   146.17911   9.61482   20.746    0.158   21.452    0.189   22.926   0.130   22.617   0.080   22.531    0.078   1.93   1.500e+07   1.500e+07   5.000e+06   7.495e+02   8.423e+02   4.439e+02    0.0   0.18    0.0    0.22649    0.02699   -0.23161    0.10009   -0.01251    2.36393   0.06903   5   3.0     3.0   0  
  176   4636.000   4328.000   146.17924   9.61481   21.648    0.164   22.687    0.219   24.133   0.177   23.791   0.094   23.016    0.089   1.26   1.000e+07   2.000e+07   1.000e+07   2.151e+02   4.739e+02   1.678e+02   0.08   0.18    0.0    0.78187    0.13677   -0.30482   -0.10413    0.15787    6.64057   0.00018   5   0.0     0.0   0  
  177   4633.256   4338.731   146.17928   9.61493   22.736    0.211   24.466    0.768   25.060   0.296   24.943   0.170   23.675    0.167   1.57   1.000e+07   3.000e+07   9.000e+06   9.108e+01   3.942e+02   5.958e+01   0.11   0.39    0.0    0.81931   -0.55589   -0.17269   -0.22289    0.48861    5.46455   0.00094   5   0.0     0.0   0  
  178   4302.000   4332.461   146.18295   9.61486   20.675    0.158   21.355    0.188   22.734   0.129   22.827   0.078   22.619    0.101   1.33   1.500e+07   1.500e+07   1.400e+07   7.109e+02   7.544e+02   6.379e+02    0.0   0.02    0.0    0.35484    0.18134    0.01774   -0.05256   -0.04316    1.71473   0.16154   5   0.0     0.0   0  
  179   4308.000   4338.765   146.18291   9.61493   21.575    0.169   22.453    0.213   23.825   0.181   23.581   0.088   23.296    0.217   1.46   1.500e+07   1.500e+07   5.000e+06   3.299e+02   4.349e+02   1.236e+02    0.0    0.1    0.0     0.2886    -0.0829    -0.2395     0.0272     0.1136    1.64803   0.17594   5   0.0     0.0   0  
  180   4576.243   4328.000   146.17990   9.61481   20.995    0.159   21.630    0.190   23.059   0.130   23.109   0.081   23.102    0.105   1.51   5.000e+06   6.000e+06   5.000e+06   2.048e+02   2.563e+02   1.795e+02   0.02   0.09    0.0    0.16997    0.04987   -0.02863   -0.09133    0.14797    1.40459   0.23929   5   0.0     0.0   0  
  181   4663.000   4332.000   146.17892   9.61486   24.812    0.981   23.771    0.299   25.479   0.297   24.574   0.135   24.656    0.242   1.76   2.000e+06   4.000e+06   1.000e+06   9.466e+01   1.516e+02   5.747e+01   0.37   0.53   0.22   -0.59264    0.50096    0.01316   -0.03564    0.03006    0.84526   0.46886   5   0.0     0.0   0  
  182   2187.315   4316.000   146.20657   9.61468   23.596    0.320   23.860    0.318   24.796   0.314   23.638   0.088   22.375    0.088   2.10   1.000e+07   4.000e+07   5.000e+06   1.209e+03   4.043e+03   8.684e+02   0.65   1.09   0.51    0.57796   -0.00054   -0.45014    0.05696   -0.00614    1.83974   0.13749   5   4.0     4.0   0  
  183   2190.624   4328.000   146.20653   9.61481   22.664    0.192   23.158    0.251   24.022   0.147   23.284   0.081   21.996    0.071   1.92   1.000e+07   2.000e+07   1.000e+07   1.391e+03   4.244e+03   1.144e+03   0.56   0.73   0.49    0.79123    0.09013   -0.20547   -0.03577    0.05293    3.92672   0.00818   5   0.0     0.0   0  
  184   2191.549   4323.309   146.20651   9.61476   22.510    0.194   22.937    0.229   24.196   0.161   23.413   0.102   21.997    0.093   1.73   1.000e+07   2.000e+07   1.000e+07   1.396e+03   4.519e+03   1.038e+03   0.59   0.78   0.49    1.13031    0.46021   -0.25768   -0.07039    0.10391    6.89896   0.00012   5   0.0     0.0   0  
  185   4549.000   4325.564   146.18021   9.61479   22.639    0.176   22.436    0.195   22.714   0.128   22.310   0.075   21.387    0.067   1.72   1.000e+08   5.000e+08   6.000e+06   8.364e+03   1.009e+04   1.692e+03   0.33   0.74    0.0    0.02184    0.03994   -0.00926   -0.00976    0.00294     0.0266   0.99414   5   1.0   1.333   0  
  186   4479.000   4321.000   146.18098   9.61473   23.356    0.229   23.900    0.287   24.746   0.181   24.255   0.103   23.280    0.138   1.70   1.000e+07   4.000e+07   9.000e+06   2.786e+02   9.190e+02   1.850e+02   0.33   0.52   0.17    0.39002   -0.07948   -0.14778   -0.01767    0.08472    1.09108   0.35139   5   0.0     0.0   0  
  187   4407.000   4317.000   146.18179   9.61469   23.902    0.349   23.942    0.315   24.534   0.184   24.199   0.104   23.524    0.156   1.39   5.000e+07   2.000e+08   5.000e+06   6.490e+02   1.183e+03   1.379e+02   0.21   0.67    0.0   -0.00978    0.02493   -0.03568    0.01423   -0.00828    0.02235   0.99547   5   0.0     0.0   0  
  188   4575.000   4315.368   146.17992   9.61467   22.286    0.169   23.491    0.240   24.312   0.179   24.037   0.110   22.933    0.082   1.35   1.000e+07   2.000e+07   1.000e+07   3.563e+02   8.740e+02   2.740e+02    0.3   0.38   0.21    1.00211   -0.09079   -0.10699   -0.16619    0.10811    6.59333   0.00019   5   0.0     0.0   0  
  189   4537.842   4316.000   146.18033   9.61468   22.606    0.174   23.463    0.228   24.591   0.180   23.369   0.081   21.608    0.068   1.41   1.000e+07   2.000e+07   9.000e+06   3.798e+03   1.266e+04   3.087e+03   0.93   1.14   0.85    2.07362    0.57882   -0.31868   -0.00928    0.03482   12.20936       0.0   5   0.0     0.0   0  
  190   4273.000   4312.714   146.18329   9.61464   23.445    0.237   23.258    0.235   23.341   0.132   23.465   0.082   22.847    0.077   1.21   9.000e+07   2.000e+08   7.000e+06   1.652e+03   1.951e+03   3.376e+02   0.16    0.4    0.0    -0.2278     0.0044     0.3367    -0.0295    -0.0124     2.0376   0.10625   5   0.0     0.0   0  
  191   4691.307   4311.000   146.17862   9.61462   21.778    0.163   22.284    0.193   23.680   0.146   24.044   0.085   24.168    0.165   1.27   5.000e+06   5.000e+06   5.000e+06   8.360e+01   9.211e+01   8.360e+01    0.0   0.03    0.0    0.23065    0.26615    0.23855   -0.12165    0.01615    2.52503   0.05566   5   0.0     0.0   0  
  192   4206.951   4304.000   146.18404   9.61455   24.182    0.614   25.455    1.149   25.502   0.514   23.846   0.091   21.875    0.069   1.36   6.000e+06   1.400e+10   5.000e+06   7.841e+03   1.667e+05   3.409e+03    1.5    1.5   0.42    2.45128      200.0   -0.36202    0.01428    0.00148    1.61519   0.19885   4   0.0     0.0   0  
  193   4012.466   4309.000   146.18620   9.61460   21.153    0.159   21.621    0.188   22.937   0.130   22.899   0.077   22.649    0.095   1.36   1.500e+07   1.500e+07   1.200e+07   6.588e+02   7.947e+02   4.363e+02   0.01   0.07    0.0      0.024     0.0492    -0.0604    -0.0081     0.0286    0.13848   0.93704   5   0.0     0.0   0  
  194   4183.000   4304.444   146.18430   9.61455   22.014    0.176   22.363    0.195   23.424   0.139   23.304   0.083   23.087    0.152   1.41   1.300e+07   2.000e+07   5.000e+06   4.298e+02   7.140e+02   1.319e+02   0.09    0.3    0.0   -0.00914    0.01566   -0.03364    0.02806   -0.04754    0.09435   0.96318   5   0.0     0.0   0  
  195   4213.000   4302.563   146.18396   9.61453   25.875    2.828   24.040    0.363   24.486   0.225   24.160   0.137   22.549    0.080   1.28   2.000e+07   4.000e+08   9.000e+06   2.455e+03   5.696e+03   8.647e+02   0.75   0.99   0.19      200.0    0.30377    0.23767   -0.14423    0.02987    1.41798    0.2422   4   0.0     0.0   0  
  196   4192.119   4302.288   146.18419   9.61453   24.813    0.882   99.999   99.999   26.249   0.834   24.389   0.123   22.350    0.084   1.25   1.100e+10   1.400e+10   5.000e+06   8.748e+04   1.305e+05   2.249e+03   0.63    1.5   0.44    3.61244      200.0   -0.40506    0.02134   -0.00276    0.89277   0.40952   4   0.0     0.0   0  
  197   4167.158   4297.000   146.18446   9.61447   21.251    0.161   21.905    0.199   22.789   0.132   22.795   0.080   22.581    0.091   1.62   1.200e+07   2.000e+07   7.000e+06   4.768e+02   8.883e+02   2.236e+02   0.01    0.1    0.0    0.05351   -0.12669    0.03271    0.00401   -0.00429    0.20848   0.89058   5   0.0     0.0   0  
  198   4134.605   4301.000   146.18483   9.61451   23.355    0.258   23.594    0.296   24.936   0.275   23.659   0.093   21.990    0.073   1.26   1.000e+07   3.000e+07   9.000e+06   2.488e+03   8.395e+03   1.943e+03   0.88    1.1   0.78    1.47298    0.65288   -0.41292   -0.00132    0.02018    5.30757   0.00118   5   0.0     0.0   0  
  199   4149.970   4296.108   146.18466   9.61446   21.403    0.161   22.018    0.194   23.110   0.131   22.928   0.079   22.365    0.076   1.48   1.000e+07   2.000e+07   1.000e+07   4.199e+02   1.193e+03   3.593e+02   0.06    0.2   0.01    0.17206   -0.02284   -0.09234   -0.03424    0.04456    0.68532   0.56087   5   0.0     0.0   0  
  200   4115.000   4289.357   146.18504   9.61439   23.308    0.294   23.950    0.349   24.294   0.166   24.389   0.152   23.453    0.231   1.32   3.000e+07   1.000e+08   7.000e+06   3.217e+02   7.339e+02   8.373e+01    0.1    0.4    0.0    0.12719   -0.22662    0.17749   -0.12301    0.17539    0.96221   0.40944   5   0.0     0.0   0  
  201   4120.591   4286.000   146.18500   9.61435   22.426    0.182   22.583    0.204   24.165   0.149   23.539   0.090   22.049    0.080   1.25   1.000e+07   2.000e+07   1.000e+07   1.281e+03   4.018e+03   9.621e+02   0.58   0.76   0.48    1.24504    0.85694   -0.17496   -0.13546    0.12694   10.48044       0.0   5   0.0     0.0   0  
  202   1502.000   4074.000   146.21422   9.61202   23.978    0.344   29.629   34.293   25.084   0.216   24.015   0.081   22.228    0.078   1.88   1.000e+07   2.000e+08   5.000e+06   2.346e+03   1.346e+04   1.786e+03   0.97   1.39   0.73    1.47328      200.0   -0.12172   -0.00332    0.01138    2.93533   0.05311   4   0.0     0.0   0  
  203   1498.277   4138.173   146.21426   9.61272   99.999   99.999   25.022    0.541   24.357   0.156   23.453   0.079   22.431    0.075   1.87   9.000e+09   1.400e+10   7.000e+08   2.678e+04   3.443e+04   6.730e+03    0.0   0.33    0.0      200.0    -0.5459     0.0337     0.1123    -0.0654    2.19787   0.11104   4   0.0     0.0   0  
  204   1498.000   4148.439   146.21426   9.61284   24.280    0.384   23.733    0.268   24.612   0.175   23.253   0.076   22.005    0.070   1.90   3.000e+06   4.000e+06   3.000e+06   3.424e+03   4.159e+03   2.779e+03   1.13   1.21   1.05    0.54558    0.26378   -0.05472   -0.04232    0.02738    0.86169   0.46011   5   0.0     0.0   0  
  205   1494.000   4222.906   146.21431   9.61365   24.850    0.639   26.116    2.328   23.532   0.167   23.287   0.078   20.665    0.065   1.94   3.000e+08   3.000e+08   2.000e+08   5.840e+04   8.430e+04   4.516e+04   1.04   1.27   0.93    1.56035      200.0    0.92835   -0.09175    0.03145    8.68649   0.00017   4   0.0     0.0   0  
  206   1495.000   4202.346   146.21429   9.61343   23.916    0.324   25.118    0.761   24.126   0.174   23.148   0.080   20.737    0.065   1.86   3.000e+08   4.000e+08   1.000e+07   4.623e+04   8.395e+04   1.670e+04   0.93   1.43   0.84    2.07642   -0.25967    0.13123   -0.04848    0.01653    3.08574   0.02606   5   0.0     0.0   0  
  207   1497.000   4167.665   146.21426   9.61305   99.999   99.999   99.999   99.999   25.023   0.247   23.068   0.076   21.419    0.066   1.96   2.000e+06   4.000e+06   1.000e+06   1.209e+04   1.285e+04   9.548e+03    1.5    1.5   1.43      200.0      200.0   -0.05403   -0.04253    0.04037     0.7365   0.39078   3   0.0     0.0   0  
  208   1496.000   4190.000   146.21429   9.61329   24.218    0.394   24.311    0.443   24.647   0.187   23.011   0.076   20.926    0.065   1.96   9.000e+06   1.400e+10   7.000e+06   1.258e+04   4.144e+05   1.036e+04   1.32    1.5   0.58    1.44269    0.26759   -0.26271    0.07709   -0.01441     2.6418   0.04758   5   0.0     0.0   0  
  209   1496.188   4180.256   146.21428   9.61319   25.770    1.980   24.342    0.418   26.285   0.686   23.078   0.077   21.118    0.065   1.96   1.100e+10   1.400e+10   5.000e+09   3.719e+05   4.757e+05   2.171e+05   0.79   0.89   0.68      200.0    1.42006   -1.35184    0.26606   -0.04954   14.45594       0.0   4   0.0     0.0   0  
  210   1491.824   4265.000   146.21432   9.61412   23.321    0.351   99.999   99.999   25.170   0.343   22.144   0.075   21.577    0.077   1.98   1.000e+06   1.000e+06   1.000e+06   7.188e+03   8.797e+03   6.058e+03   1.16   1.25   1.09    1.27155      200.0   -0.92655    0.37175   -0.06715     20.587       0.0   4   0.0     0.0   0  
  211   1491.000   4273.745   146.21434   9.61421   23.406    0.325   25.413    1.624   25.055   0.280   21.843   0.075   22.051    0.077   1.93   1.000e+06   1.000e+06   1.000e+06   3.395e+03   3.962e+03   2.794e+03   0.96   1.03   0.88    0.76527      200.0   -0.83553    0.82407   -0.08433   41.80998       0.0   4   4.0     4.0   0  
  212   1490.000   4287.679   146.21436   9.61437   25.597    1.264   20.251    0.186   24.075   0.131   21.662   0.074   22.329    0.066   1.83   1.000e+06   1.000e+06   1.000e+06   1.462e+03   1.684e+03   1.256e+03   0.62   0.68   0.56      200.0    2.46785   -0.37036    0.78154   -0.06476   48.23588       0.0   4   4.0     4.0   0  
  213   1490.758   4283.000   146.21434   9.61432   24.200    0.525   22.884    0.231   24.052   0.187   21.603   0.075   22.414    0.113   1.93   1.000e+06   1.000e+06   1.000e+06   1.855e+03   2.178e+03   1.595e+03   0.71   0.77   0.66   -0.92877    0.03453   -0.22707    0.88443   -0.24387   26.85927       0.0   5   4.0     4.0   0  
  214   4612.583   4288.063   146.17950   9.61437   99.999   99.999   24.517    0.515   24.523   0.222   24.166   0.148   23.111    0.105   1.37   4.000e+08   2.000e+09   5.000e+06   1.890e+03   5.112e+03   3.410e+02   0.11   0.89    0.0      200.0   -0.00648    0.02202   -0.01988    0.00582    0.01562   0.98451   4   0.0     0.0   0  
  215   4097.210   4288.901   146.18526   9.61438   21.797    0.166   22.545    0.200   23.815   0.154   24.124   0.109   23.462    0.130   1.29   1.500e+07   1.500e+07   1.400e+07   2.495e+02   2.933e+02   2.233e+02    0.0   0.05    0.0    0.36954    0.12804    0.07344   -0.21286    0.25054    3.91773   0.00828   5   0.0     0.0   0  
  216   4126.823   4265.851   146.18492   9.61413   22.544    0.187   23.390    0.229   24.078   0.185   23.632   0.091   22.415    0.096   1.52   1.000e+07   3.000e+07   1.000e+07   6.982e+02   1.777e+03   5.295e+02   0.42   0.51   0.31    0.77534   -0.10766   -0.09986   -0.09526    0.12084    3.98672   0.00752   5   0.0     0.0   0  
  217   4142.798   4253.000   146.18474   9.61399   22.017    0.172   22.524    0.207   24.226   0.193   24.364   0.149   23.940    0.202   1.47   5.000e+06   1.500e+07   5.000e+06   6.794e+01   2.172e+02   6.794e+01    0.0   0.06    0.0    0.21676    0.25126   -0.08234   -0.21654    0.46926    2.93988   0.03179   5   0.0     0.0   0  
  218   4564.171   4268.000   146.18004   9.61415   21.812    0.164   22.546    0.199   24.011   0.148   23.869   0.088   23.679    0.126   1.22   1.500e+07   1.500e+07   1.400e+07   2.590e+02   2.940e+02   2.323e+02    0.0   0.04    0.0    0.31415    0.08665   -0.16295    0.00175   -0.00685    1.45201    0.2255   5   0.0     0.0   0  
  219   4264.000   4265.000   146.18340   9.61412   22.491    0.175   23.123    0.220   24.000   0.154   23.761   0.091   23.600    0.154   1.50   8.000e+06   2.000e+07   5.000e+06   1.056e+02   4.248e+02   8.166e+01   0.03   0.34    0.0    0.14018   -0.06852   -0.14882    0.04218    0.01678    0.65302   0.58095   5   0.0     0.0   0  
  220   3916.000   4260.267   146.18727   9.61407   22.353    0.178   22.611    0.198   24.017   0.139   23.875   0.081   23.096    0.087   1.24   1.000e+07   2.000e+07   1.000e+07   2.126e+02   6.217e+02   1.702e+02    0.1   0.25   0.03    0.21792    0.32772   -0.09198   -0.10858    0.12832     2.5569   0.05333   5   0.0     0.0   0  
  221   4133.000   4241.000   146.18484   9.61385   21.447    0.160   22.089    0.193   23.358   0.134   22.392   0.076   20.721    0.065   1.64   1.000e+07   2.000e+07   1.000e+07   7.006e+03   2.184e+04   5.650e+03   0.82    1.0   0.74    1.88265    0.72825   -0.20965   -0.05255    0.05445   14.30791       0.0   5   4.0   3.667   0  
  222   4043.000   4238.000   146.18587   9.61382   24.248    0.568   23.142    0.227   24.101   0.167   23.888   0.091   23.506    0.150   1.25   6.000e+06   1.000e+08   5.000e+06   3.122e+02   1.046e+03   1.618e+02   0.44   0.58   0.05   -0.69471    0.33169    0.11159    0.02719   -0.09751    1.82418   0.14029   5   0.0     0.0   0  
  223   4345.000   4234.000   146.18248   9.61378   25.616    1.396   24.695    0.499   24.892   0.198   24.316   0.097   23.598    0.136   1.73   1.000e+09   1.000e+09   4.000e+06   2.209e+03   2.967e+03   1.785e+02    0.0   0.83    0.0      200.0    0.15466   -0.11724    0.05696   -0.04484    0.45747   0.63288   4   0.0     0.0   0  
  224   4139.000   4231.000   146.18478   9.61374   22.999    0.221   24.365    0.478   24.738   0.216   23.185   0.080   21.457    0.069   1.26   3.000e+06   5.000e+06   3.000e+06   9.810e+03   1.431e+04   7.888e+03   1.46    1.5   1.35    2.71131    0.16341    0.05511   -0.04629    0.02141    6.97702   0.00011   5   0.0     0.0   0  
  225   4078.000   4232.000   146.18546   9.61376   22.237    0.188   22.858    0.215   23.714   0.150   23.601   0.092   23.215    0.130   1.23   9.000e+06   3.000e+07   8.000e+06   1.677e+02   6.069e+02   1.318e+02   0.04    0.2    0.0     0.0809   -0.11171    0.00649     0.0022    0.00389    0.15823   0.92442   5   0.0     0.0   0  
  226   4105.000   4229.000   146.18517   9.61372   21.296    0.162   22.014    0.193   23.462   0.140   23.455   0.083   23.590    0.134   1.21   5.000e+06   5.000e+06   5.000e+06   1.342e+02   1.584e+02   1.342e+02    0.0   0.05    0.0    0.19885    0.02235   -0.05725   -0.04645    0.08035    0.70279   0.55022   5   0.0     0.0   0  
  227   4070.601   4219.000   146.18555   9.61361   21.372    0.164   22.049    0.196   23.578   0.143   23.705   0.096   23.679    0.176   1.44   5.000e+06   5.000e+06   5.000e+06   1.140e+02   1.305e+02   1.140e+02    0.0   0.04    0.0    0.29984    0.16434    0.00374   -0.11946    0.16834     1.8911   0.12863   5   0.0     0.0   0  
  228   4072.610   4226.819   146.18552   9.61370   21.224    0.161   21.833    0.193   22.983   0.144   22.810   0.080   21.986    0.076   1.50   1.000e+07   2.000e+07   1.000e+07   6.279e+02   1.429e+03   5.221e+02   0.13    0.2   0.07    0.36333    0.08323   -0.10767   -0.11937    0.11923    3.05439    0.0272   5   0.0     0.0   0  
  229   4082.000   4224.439   146.18542   9.61367   22.978    0.244   22.894    0.215   23.487   0.146   23.323   0.086   23.094    0.099   1.21   8.000e+07   1.000e+08   5.000e+06   1.103e+03   1.275e+03   2.043e+02   0.04   0.45    0.0   -0.22396    0.07925    0.04984    0.08514   -0.07765    0.94818   0.41622   5   0.0     0.0   0  
  230   4016.000   4217.000   146.18616   9.61359   22.392    0.196   22.962    0.232   24.455   0.189   23.861   0.091   23.582    0.155   1.44   3.000e+06   2.000e+07   3.000e+06   1.287e+02   4.244e+02   8.724e+01   0.23   0.36    0.0    0.35092    0.01362   -0.11778   -0.08238    0.35842    2.51333   0.05654   5   0.0     0.0   0  
  231   4041.000   4217.000   146.18588   9.61359   21.053    0.159   21.676    0.191   23.258   0.135   23.141   0.084   22.535    0.078   1.45   1.000e+07   2.000e+07   1.000e+07   3.084e+02   6.414e+02   3.084e+02    0.0   0.05    0.0      0.471     0.3473    -0.1578    -0.1131     0.0959     4.3928   0.00427   5   0.0     0.0   0  
  232   4030.000   4213.000   146.18600   9.61355   25.391    3.191   22.719    0.259   23.290   0.164   22.583   0.093   21.600    0.070   1.55   5.000e+06   1.000e+08   5.000e+06   3.956e+03   9.387e+03   1.530e+03   0.85   0.93   0.36      200.0   -0.01826    0.01464   -0.00986    0.00444    0.01413   0.98597   4   0.0     0.0   0  
  233   4020.135   4211.000   146.18611   9.61352   21.941    0.216   22.526    0.234   23.939   0.181   23.244   0.083   23.452    0.173   1.82   3.000e+06   4.000e+06   2.000e+06   1.875e+02   2.511e+02   1.217e+02    0.2   0.29   0.06    0.20172   -0.11238   -0.13708    0.02442    0.02332    0.57877   0.62889   5   0.0     0.0   0  
  234   4096.000   4219.000   146.18526   9.61361   21.769    0.164   21.776    0.192   22.510   0.128   22.227   0.075   21.250    0.066   1.23   1.000e+07   4.000e+07   9.000e+06   2.027e+03   5.917e+03   1.619e+03   0.36   0.51   0.23    0.01287    0.04297    0.05937   -0.04523    0.01627    0.23233   0.87391   5   0.0     0.0   0  
  235   4100.086   4217.000   146.18523   9.61359   23.027    0.231   23.023    0.222   23.387   0.135   22.308   0.075   20.305    0.064   1.30   1.000e+07   2.000e+07   1.000e+07   1.554e+04   4.958e+04   1.325e+04   1.06   1.25    1.0    0.92916    0.15026   -0.10234   -0.06014    0.04646    3.17365   0.02311   5   0.0     0.0   0  
  236   4302.435   4217.000   146.18295   9.61359   21.447    0.160   22.055    0.190   23.585   0.135   23.793   0.083   23.347    0.107   1.26   1.500e+07   1.500e+07   1.400e+07   3.178e+02   3.480e+02   2.841e+02    0.0   0.03    0.0    0.45718    0.35568    0.04108   -0.14422    0.10318    4.12474   0.00621   5   0.0     0.0   0  
  237   4082.000   4214.000   146.18542   9.61356   22.017    0.177   22.636    0.202   24.246   0.166   24.067   0.093   24.581    0.316   1.52   5.000e+06   5.000e+06   3.000e+06   7.105e+01   8.473e+01   5.189e+01    0.0   0.05    0.0    0.16818    0.09068   -0.15092    0.03188   -0.22032    0.87437   0.45345   5   0.0     0.0   0  
  238   4137.093   4205.747   146.18480   9.61347   22.633    0.175   23.174    0.231   24.033   0.147   23.715   0.083   22.360    0.075   1.63   1.000e+07   2.000e+07   1.000e+07   7.587e+02   1.864e+03   5.842e+02   0.45   0.53   0.36      0.786    0.17109   -0.01931   -0.16981    0.14169    6.24742   0.00031   5   0.0     0.0   0  
  239   4105.000   4199.326   146.18517   9.61340   21.681    0.164   22.103    0.192   23.340   0.135   23.487   0.080   23.073    0.103   1.23   1.500e+07   1.500e+07   1.300e+07   4.242e+02   5.291e+02   3.109e+02   0.02   0.09    0.0     0.0383     0.0963     0.0567    -0.0845     0.1016    0.84787   0.46746   5   0.0     0.0   0  
  240   2551.666   4178.838   146.20250   9.61317   25.940    2.211   23.706    0.331   24.183   0.169   23.386   0.104   21.548    0.083   1.51   1.000e+07   3.000e+08   9.000e+06   4.095e+03   1.611e+04   3.201e+03   0.94   1.18   0.47      200.0    0.30491    0.04921   -0.07589    0.03131    0.71775   0.48785   4   0.0     0.0   0  
  241   4333.887   4165.623   146.18262   9.61302   25.330    1.286   23.142    0.215   23.187   0.131   22.726   0.076   21.480    0.067   1.86   3.000e+08   6.000e+08   7.000e+06   6.670e+03   1.360e+04   2.221e+03   0.17    0.8   0.11      200.0    -0.0425     0.0004     0.0142    -0.0065    0.04228    0.9586   4   2.0    2.25   0  
  242   4320.000   4139.000   146.18275   9.61273   23.510    0.225   24.500    0.502   23.867   0.141   23.927   0.085   23.260    0.092   1.52   2.000e+08   2.000e+08   8.000e+06   9.771e+02   1.364e+03   2.511e+02    0.0   0.35    0.0    0.26487   -0.66433    0.28977    0.01767   -0.07003    2.77866   0.03956   5   0.0     0.0   0  
  243   2017.000   4090.476   146.20847   9.61220   26.523    3.182   27.573    6.668   26.007   0.544   24.410   0.087   24.668    0.233   1.60   1.000e+06   2.000e+06   1.000e+06   1.202e+02   2.070e+02   6.328e+01   0.41    0.6    0.2      200.0      200.0   -0.47456    0.03744   -0.07726    1.49399    0.2216   3   0.0     0.0   0  
  244   2153.258   4050.000   146.20695   9.61175   24.947    0.804   25.337    0.853   24.951   0.186   23.940   0.091   23.340    0.112   1.66   4.000e+06   4.000e+06   1.000e+06   6.585e+02   1.013e+03   5.114e+02   0.82   0.95   0.73   -0.11569   -0.96159    0.10181    0.07381   -0.06049    1.50235   0.21166   5   0.0     0.0   0  
  245   1970.599   4018.666   146.20898   9.61141   99.999   99.999   25.315    0.904   24.259   0.176   22.479   0.075   19.419    0.064   1.22   3.000e+08   5.000e+09   3.000e+08   3.841e+05   2.569e+06   3.184e+05   1.47    1.5   1.27      200.0   -0.02471   -0.06251    0.02209   -0.00641    0.11476   0.89158   4   0.0     0.0   0  
  246   1567.149   3996.000   146.21349   9.61116   24.916    0.604   25.745    1.279   25.520   0.284   23.702   0.079   20.777    0.065   1.53   6.000e+08   1.400e+10   2.000e+08   2.096e+05   1.356e+06   7.964e+04   1.48    1.5   1.12    3.74389      200.0   -0.04961    0.00269    0.00059    1.53101   0.21632   4   0.0     0.0   0  
  247   1554.286   3867.481   146.21362   9.60974   22.899    0.215   23.039    0.217   24.028   0.161   23.715   0.080   22.169    0.072   1.60   1.000e+07   2.000e+07   1.000e+07   1.135e+03   3.546e+03   8.858e+02   0.58   0.76   0.49    0.90259    0.53149    0.09259   -0.18091    0.13749    7.15085     8e-05   5   0.0     0.0   0  
  248   1239.082   3728.172   146.21715   9.60821   22.532    0.184   22.900    0.208   23.987   0.144   23.870   0.083   23.372    0.111   1.93   1.000e+07   3.000e+07   9.000e+06   1.726e+02   5.242e+02   1.187e+02   0.06   0.22    0.0     0.0085    0.06061   -0.00389    -0.0108      0.003    0.03366   0.99172   5   0.0     0.0   0  
  249   1240.921   3712.000   146.21713   9.60803   22.600    0.188   23.312    0.220   24.805   0.191   24.152   0.090   23.574    0.092   1.74   1.000e+07   2.000e+07   9.000e+06   1.557e+02   4.668e+02   1.216e+02   0.13   0.29   0.05    0.50153    0.11843   -0.41547    0.05283    0.04543     4.1361   0.00611   5   0.0     0.0   0  
  250   5092.000   3704.000   146.17415   9.60794   23.367    0.245   23.030    0.205   24.111   0.156   23.771   0.078   22.453    0.071   1.52   1.000e+07   2.000e+07   1.000e+07   7.845e+02   2.457e+03   6.454e+02   0.49   0.67   0.42    0.26856    0.48296    0.03416   -0.13054    0.08716    3.05314   0.02724   5   0.0     0.0   0  
  251   2960.035   3578.598   146.19794   9.60656   22.995    0.207   24.116    0.319   24.925   0.203   24.566   0.092   23.615    0.105   1.56   1.000e+07   3.000e+07   9.000e+06   1.772e+02   5.443e+02   1.307e+02   0.26   0.43   0.12    0.79645   -0.16215   -0.12985   -0.06965    0.10895    3.26031   0.02052   5   0.0     0.0   0  
  252   2964.318   3565.465   146.19791   9.60642   22.569    0.181   23.594    0.241   24.501   0.167   24.036   0.091   23.108    0.101   1.90   1.000e+07   2.000e+07   1.000e+07   2.897e+02   7.191e+02   2.180e+02   0.27   0.36   0.18    0.75265   -0.12255   -0.19735   -0.04005    0.10125    4.02749   0.00711   5   0.0     0.0   0  
  253    827.155   3534.907   146.22176   9.60608   23.747    0.453   25.117    1.191   25.103   0.247   21.600   0.074   27.345    3.619   1.23   1.400e+10   1.400e+10   1.000e+10   1.159e+07   1.159e+07   9.299e+06    1.5    1.5   1.48     4.3879      200.0   -0.80361     0.3715      200.0   46.83666       0.0   3   0.0     0.0   0  
  254   2892.430   3520.614   146.19870   9.60593   23.295    0.210   23.482    0.256   24.116   0.150   23.921   0.088   23.452    0.103   1.91   8.000e+06   1.000e+08   5.000e+06   1.664e+02   9.364e+02   1.366e+02   0.21   0.49    0.0   -0.00399   -0.00139   -0.00139   -0.00809    0.01331     0.0085   0.99893   5   0.0     0.0   0  
  255   1074.000   3306.280   146.21899   9.60357   24.208    0.417   23.112    0.209   22.585   0.128   20.938   0.075   18.835    0.064   1.75   6.000e+09   1.400e+10   7.000e+06   1.796e+06   3.032e+06   9.774e+04   0.73    1.5   0.59     0.8221     0.0587    -0.1272     0.0511    -0.0081    1.18557   0.31348   5   4.0     4.0   0  
  256   5985.116   3296.960   146.16418   9.60346   22.759    0.180   22.792    0.199   23.391   0.133   22.777   0.075   21.599    0.066   1.23   1.000e+07   3.000e+07   9.000e+06   1.967e+03   5.879e+03   1.572e+03   0.53   0.69   0.41    0.13113   -0.07296   -0.07627   -0.00317    0.01793    0.34734   0.79109   5   0.0     0.0   0  
  257   5883.000   3289.000   146.16531   9.60338   24.554    0.509   24.452    0.439   25.466   0.296   24.255   0.091   21.338    0.067   1.64   3.000e+08   9.000e+08   2.000e+08   4.885e+04   1.936e+05   3.829e+04    1.3    1.5   1.19      3.616     2.2187     0.2661    -0.0462      0.014    3.27056   0.02024   5   0.0     0.0   0  
  258   1806.133   3201.000   146.21082   9.60241   18.928    0.156   17.262    0.186   17.140   0.125   16.856   0.074   15.370    0.064   1.42   1.000e+09   1.000e+10   7.000e+08   7.614e+06   1.696e+07   5.411e+06   0.37   0.43    0.0   -0.10269    0.62311    0.33681   -0.11069    0.03041    5.01307   0.00178   5   4.0     4.0   0  
  259   1803.087   3197.802   146.21086   9.60237   17.323    0.156   15.675    0.186   15.867   0.124   16.014   0.074   14.521    0.064   1.77   4.000e+08   6.000e+08   2.000e+08   7.347e+06   8.792e+06   5.280e+06   0.33   0.49   0.25    -0.1335     0.9807     0.6249    -0.1186     0.0307   10.21782       0.0   5   4.0     4.0   0  
  260   1047.527   3155.506   146.21928   9.60191   26.220    2.529   24.205    0.344   25.143   0.214   24.067   0.087   21.926    0.068   1.95   1.000e+07   4.000e+08   9.000e+06   4.458e+03   2.199e+04   3.517e+03   1.19   1.44   0.71      200.0    0.98418    0.03828   -0.04812    0.01798    1.97917   0.13818   4   0.0     0.0   0  
  261   1002.434   2958.000   146.21979   9.59973   99.999   99.999   24.509    0.466   25.411   0.689   24.191   0.091   21.222    0.068   1.62   3.000e+08   1.400e+10   2.000e+08   6.153e+04   9.556e+05   4.747e+04   1.37    1.5   1.17      200.0    2.26486    0.36036   -0.01354    0.00306    2.19309   0.11157   4   0.0     0.0   0  
  262   4838.792   2914.802   146.17697   9.59926   22.187    0.168   22.852    0.210   23.726   0.142   23.052   0.076   21.831    0.069   1.77   1.000e+07   2.000e+07   1.000e+07   1.451e+03   3.282e+03   1.188e+03    0.5   0.56   0.43    0.84423    0.04443   -0.20647   -0.04617    0.06033    5.30526   0.00118   5   0.0     0.0   0  
  263   5155.591   2517.389   146.17345   9.59488   24.078    0.340   23.825    0.277   24.458   0.166   23.589   0.082   21.932    0.072   1.86   1.000e+07   3.000e+07   9.000e+06   2.438e+03   7.952e+03   1.975e+03   0.84   1.04   0.73    0.52238    0.23998   -0.08012   -0.03892    0.02628    0.90196   0.43923   5   0.0     0.0   0  
  264   2614.000   2495.853   146.20181   9.59465   24.471    0.440   23.252    0.216   24.452   0.162   23.985   0.083   23.391    0.101   1.76   5.000e+06   7.000e+06   5.000e+06   5.306e+02   6.430e+02   2.341e+02   0.62   0.69    0.4   -0.52243    0.45837    0.06997    0.01097   -0.03533    1.88005   0.13049   5   0.0     0.0   0  
  265   5284.000   2315.000   146.17200   9.59266   23.046    0.207   22.838    0.212   24.286   0.169   24.011   0.084   23.146    0.080   1.61   1.000e+07   2.000e+07   1.000e+07   2.719e+02   8.362e+02   2.279e+02   0.23    0.4   0.17    0.08954    0.49804   -0.08156   -0.07886    0.05674    1.79969    0.1448   5   0.0     0.0   0  
  266   1984.000   2211.540   146.20885   9.59152   24.134    0.530   24.034    0.375   22.759   0.135   21.758   0.074   25.500    0.577   1.51   1.000e+06   1.000e+06   1.000e+06   1.084e+02   1.445e+02   7.805e+01   0.24   0.33   0.16   -0.74089   -0.42769    2.16801    2.22471   -1.11269   76.31199       0.0   5   0.0     0.0   0  
  267   2797.000   2105.903   146.19975   9.59036   22.224    0.174   22.424    0.194   24.021   0.142   23.652   0.079   22.719    0.079   1.82   1.000e+07   2.000e+07   1.000e+07   3.629e+02   8.235e+02   2.932e+02   0.21   0.29   0.14    0.47052    0.49652   -0.21388   -0.09958    0.13272    5.34949   0.00111   5   0.0     0.0   0  
  268   4339.000   1888.000   146.18256   9.58796   22.882    0.196   23.033    0.208   24.313   0.150   23.965   0.081   22.719    0.074   1.34   1.000e+07   2.000e+07   1.000e+07   5.086e+02   1.434e+03   3.926e+02    0.4   0.54   0.31    0.65477    0.49137   -0.07463   -0.15003    0.12347    5.53351   0.00085   5   0.0     0.0   0  
  269   4671.000   1862.134   146.17885   9.58767   22.807    0.190   19.798    0.186   18.636   0.125   17.218   0.074   15.174    0.064   1.23   1.400e+10   1.400e+10   1.100e+10   1.215e+08   1.343e+08   1.092e+08   0.88   0.94   0.85   -0.49503    0.34767    0.56637    0.28487   -0.10853   13.52046       0.0   5   4.0     4.0   0  
